457,530,419
463,538,433
457,531,815
455,548,222
465,555,855
452,547,392
462,541,431
459,529,804
456,545,215
463,539,848
451,524,375
458,541,427
457,532,799
459,546,208
466,545,854
457,544,377
460,550,443
461,536,796
459,537,205
462,534,854
453,533,365
461,552,445
459,530,795
457,535,202
465,533,856
454,518,360
463,528,434
462,511,773
457,527,184
465,523,850
453,520,351
465,526,433
462,503,764
454,504,167
464,491,836
452,485,330
461,478,410
461,456,724
458,454,123
466,450,799
458,434,306
466,436,395
460,419,697
454,415,98
464,400,774
454,394,292
463,393,376
460,378,664
457,382,86
467,372,762
456,353,274
461,360,359
460,347,636
456,347,73
467,338,750
458,326,267
464,335,354
457,322,617
455,327,67
465,319,746
456,311,259
462,317,351
462,309,611
459,321,64
467,322,741
454,315,258
464,328,358
462,316,613
455,325,66
467,328,752
458,321,260
467,330,363
461,320,613
458,327,66
469,327,758
457,320,260
464,340,376
461,333,614
457,344,73
466,350,774
460,360,129
462,350,677
460,370,82
465,379,797
457,365,271
462,379,411
463,369,642
459,387,88
466,389,806
455,381,279
463,397,427
467,398,670
460,414,97
468,415,829
459,413,289
468,433,452
465,438,699
460,448,110
468,445,850
460,435,298
468,453,471
466,438,707
463,454,112
474,447,854
462,447,300
466,466,481
468,456,719
460,469,118
476,464,870
462,462,307
468,478,496
467,473,738
464,485,123
470,496,889
461,497,319
466,519,519
468,510,765
463,513,140
472,523,900
462,515,329
472,539,531
470,522,773
466,525,139
476,530,902
467,537,341
474,547,534
472,541,780
467,563,155
479,558,912
468,550,342
475,576,544
473,565,799
469,573,160
476,577,918
468,569,352
469,583,547
471,575,804
468,582,164
475,593,924
467,592,352
478,607,554
474,599,817
470,591,173
478,585,921
470,581,353
476,592,547
474,584,807
469,590,161
478,585,920
470,584,353
480,590,545
473,575,797
466,581,156
477,584,920
469,580,351
473,584,545
473,576,802
466,593,161
475,588,922
470,580,353
477,593,546
472,581,802
464,586,158
475,585,921
467,575,348
474,591,544
477,573,802
469,581,156
476,583,921
468,580,350
473,588,544
475,577,801
470,578,155
475,576,918
464,572,347
471,585,545
472,572,806
466,580,156
474,579,917
467,574,351
472,584,544
471,573,810
469,577,155
471,566,915
466,565,343
475,571,539
471,565,813
466,577,155
471,582,919
464,563,346
469,577,540
469,568,815
466,570,152
477,559,912
464,555,342
470,558,535
470,537,805
465,535,140
473,533,904
465,532,332
467,539,529
469,526,812
465,535,139
473,541,907
464,523,331
470,534,527
470,528,819
462,539,142
472,535,904
464,525,330
471,535,525
472,520,818
464,516,133
473,512,896
464,508,326
468,505,516
471,499,811
465,503,129
475,512,897
463,501,323
469,509,517
469,500,819
465,502,128
473,505,893
466,502,331
468,509,520
469,512,827
463,511,132
470,506,895
463,511,334
466,528,515
468,521,831
462,518,133
470,524,900
465,520,338
468,526,514
468,513,832
458,521,135
468,517,898
460,508,325
465,515,506
466,502,830
462,500,127
468,503,894
459,503,321
463,513,501
466,507,836
462,505,129
467,506,895
458,492,318
461,500,494
470,493,838
463,491,124
469,489,888
456,477,314
461,491,485
463,487,837
458,485,122
463,480,885
456,469,311
464,468,465
462,453,829
459,463,115
464,458,878
457,436,300
459,444,457
461,422,822
458,422,100
464,413,864
457,415,290
455,415,443
463,401,823
455,402,92
466,399,859
460,385,281
462,384,432
464,371,812
454,368,80
463,365,847
459,343,266
461,343,414
462,323,801
455,330,67
460,329,836
455,315,259
459,313,399
461,298,793
455,299,56
464,297,825
458,290,248
460,292,389
461,276,788
453,274,46
461,276,817
457,266,240
457,269,377
460,253,787
451,258,40
462,265,814
460,260,238
457,268,374
459,261,796
454,260,42
463,264,813
459,258,238
460,264,369
463,257,795
452,261,42
459,267,814
454,264,241
458,271,367
460,271,801
456,284,49
464,294,824
455,285,258
461,290,375
464,289,815
458,301,330
464,316,831
457,312,258
462,321,381
461,329,832
455,338,68
463,349,842
458,351,281
461,369,394
460,377,846
456,389,88
463,398,859
458,400,296
462,413,402
461,408,860
457,417,97
464,436,870
459,432,308
459,440,408
463,441,871
457,451,107
464,453,876
459,451,305
460,467,416
460,465,888
455,472,117
464,480,886
461,472,310
460,479,418
464,477,890
455,480,119
461,481,886
463,484,318
462,496,421
466,497,903
458,510,130
463,514,898
458,507,324
463,512,421
463,504,904
458,506,130
465,495,889
461,489,317
462,497,415
464,491,899
460,496,126
469,500,893
462,492,321
463,505,414
469,510,910
462,507,131
467,510,896
460,505,324
464,511,413
467,503,909
462,499,127
467,513,896
460,511,328
460,520,408
466,509,908
462,515,133
468,522,900
463,513,330
464,523,409
467,526,918
464,525,137
473,521,900
467,522,333
469,536,410
471,528,916
467,528,138
470,539,906
466,530,336
469,543,411
470,535,924
467,529,137
470,535,904
466,539,339
468,543,407
470,540,925
468,544,144
472,541,906
465,531,337
469,540,402
472,527,918
465,530,137
471,533,903
468,525,335
468,535,398
470,536,920
468,535,142
468,530,902
464,515,331
471,530,394
472,530,922
465,528,138
468,524,901
466,523,340
466,529,393
470,525,919
464,510,131
466,523,900
465,517,338
465,518,386
471,513,913
464,512,132
470,507,894
463,495,331
468,499,372
468,499,909
465,504,130
473,499,891
466,490,332
468,501,369
472,507,908
466,504,129
473,510,895
467,502,328
467,504,369
471,497,904
467,501,128
474,509,896
467,508,329
466,512,366
469,506,913
469,497,126
471,502,892
469,495,327
468,504,359
470,497,908
467,496,127
470,493,889
466,488,323
469,492,352
470,483,903
468,490,124
469,494,889
466,488,326
466,500,352
469,490,904
465,496,127
470,506,894
466,495,327
466,501,351
469,501,906
466,499,129
467,493,889
466,487,324
465,493,350
470,499,911
465,500,129
471,507,894
462,503,335
466,505,351
467,501,907
461,502,128
466,503,892
467,507,333
465,502,341
467,491,904
465,490,124
469,494,890
466,492,330
466,501,341
468,497,905
466,491,125
469,484,885
465,475,324
466,491,336
470,487,906
466,494,126
469,496,892
464,483,327
466,482,331
468,483,902
466,485,123
467,495,889
464,477,327
466,476,327
467,470,899
467,476,120
467,471,882
464,470,324
463,485,323
467,488,902
461,482,122
464,470,881
462,464,323
464,480,320
465,472,896
464,476,120
466,477,884
463,478,328
465,478,317
466,481,900
460,491,125
464,484,885
462,475,329
459,475,315
464,472,900
462,465,115
467,466,880
466,463,323
464,476,305
464,474,900
462,470,117
464,465,879
463,456,321
462,463,299
465,463,893
462,462,115
468,465,880
464,459,323
460,464,298
465,460,893
464,463,115
464,463,880
464,464,323
463,465,297
468,458,895
465,467,117
465,463,880
462,455,324
464,464,294
469,466,897
464,465,116
468,465,880
465,461,326
462,462,287
465,461,893
463,457,113
468,463,878
465,454,330
466,457,282
468,458,892
462,447,109
462,441,871
462,433,319
462,437,274
465,430,881
461,429,103
465,435,869
463,429,319
463,430,269
465,429,887
461,427,102
463,424,867
460,418,315
460,426,272
461,424,881
461,417,99
462,410,861
461,410,318
458,412,262
465,418,879
460,413,98
463,408,860
461,408,319
461,411,259
461,405,874
462,406,95
464,408,861
460,398,321
463,397,251
467,397,871
464,393,91
465,397,856
457,392,316
461,394,248
466,390,872
460,397,93
462,396,857
463,384,323
465,374,230
464,368,863
463,366,80
463,364,845
461,365,318
460,372,234
465,377,864
463,374,80
467,373,848
464,366,302
463,361,245
465,356,861
460,360,79
467,363,848
464,357,307
463,359,237
466,350,857
463,346,74
467,353,841
462,352,308
464,353,232
464,350,858
465,356,77
463,352,840
462,347,315
463,346,221
464,351,857
465,365,81
469,368,846
467,365,333
463,367,217
467,368,864
462,372,83
464,377,848
465,377,344
462,386,223
469,391,870
466,387,89
465,395,855
466,398,357
466,405,224
468,401,872
463,392,90
467,401,857
466,400,874
465,400,148
467,400,873
465,404,95
465,398,856
465,395,357
465,393,221
468,394,872
462,387,89
468,381,849
466,376,358
466,373,204
468,365,861
466,361,80
469,354,840
465,348,350
464,347,192
468,340,852
464,340,72
469,345,836
463,336,342
467,333,185
466,324,850
465,330,68
467,326,833
464,319,345
469,310,175
466,304,843
465,301,57
466,298,821
463,292,336
466,289,160
467,282,834
461,283,52
466,282,816
463,278,334
464,278,156
467,282,833
464,280,51
468,277,816
465,278,337
465,282,158
469,280,832
463,279,50
468,284,818
467,288,331
467,292,160
468,295,840
465,292,55
466,291,819
464,287,346
466,290,157
467,291,836
465,293,55
469,291,820
465,288,347
464,297,158
468,294,837
463,299,58
469,302,824
468,300,353
464,296,150
467,301,838
461,296,57
466,306,826
467,312,362
466,320,160
466,325,846
464,328,68
467,339,832
462,349,363
464,364,175
463,371,862
463,380,87
465,406,858
466,417,401
462,439,198
468,448,888
468,466,118
467,481,882
466,494,418
467,512,223
466,522,914
465,536,143
466,555,910
464,567,456
464,580,238
464,588,934
459,597,165
461,621,932
464,625,479
462,641,261
463,657,957
460,668,189
462,675,949
460,681,497
457,688,273
461,687,970
460,695,199
462,701,956
460,705,508
457,718,285
459,714,978
460,711,204
461,721,962
456,730,523
455,734,282
460,731,982
456,725,209
458,736,969
457,733,527
454,726,278
458,723,979
457,729,211
459,738,971
459,729,523
458,720,275
457,719,978
455,720,208
458,727,966
457,731,524
454,731,281
458,722,981
454,724,209
458,719,963
457,729,532
457,736,272
456,739,986
457,727,210
457,725,965
456,719,527
460,718,268
459,715,977
457,711,204
458,711,961
459,704,524
460,703,262
461,702,972
456,700,201
461,700,954
458,692,522
460,688,256
461,694,970
456,694,199
458,688,951
460,678,509
460,680,254
460,666,963
459,663,188
460,661,942
461,649,514
460,662,240
459,661,959
456,656,185
460,654,940
460,648,501
458,643,232
463,630,948
460,622,174
463,627,932
460,619,507
461,617,224
463,629,948
461,617,172
460,618,924
459,619,496
461,616,220
460,602,941
462,588,162
465,588,917
462,583,496
464,578,207
464,575,932
463,569,155
464,561,904
462,553,492
467,554,194
464,537,920
465,523,139
467,516,889
466,511,481
465,510,176
468,511,908
469,512,135
472,503,884
467,497,475
470,497,172
472,498,903
466,497,130
470,493,878
468,492,474
469,485,163
471,478,899
470,479,123
477,480,879
475,466,467
473,456,157
471,452,889
473,451,113
474,455,871
475,441,463
472,437,143
475,419,878
475,409,98
478,402,848
473,394,453
471,394,127
475,391,869
476,383,88
474,378,841
471,360,439
473,351,112
474,346,852
476,350,77
474,360,834
470,354,442
471,361,114
475,367,864
468,370,85
471,376,839
470,389,452
471,399,129
474,403,873
469,406,97
471,420,853
470,427,473
471,435,131
471,438,884
469,450,113
471,457,863
468,464,486
468,475,147
473,478,896
471,492,128
472,502,877
470,508,500
466,518,161
470,518,915
472,519,137
475,520,886
474,512,507
474,502,157
474,482,899
471,468,120
476,464,867
475,441,481
473,429,123
475,426,881
475,415,100
477,410,845
473,407,474
474,393,112
477,392,873
478,390,91
478,380,833
472,368,461
474,366,99
477,370,862
472,362,82
480,359,823
475,351,461
475,350,95
477,342,854
477,341,74
478,345,820
476,339,458
477,333,87
478,341,853
476,343,75
481,338,816
482,335,459
480,340,84
478,336,852
478,330,70
480,335,813
475,337,460
477,340,83
478,344,855
478,345,76
480,347,818
476,356,466
475,366,94
481,371,865
476,382,89
480,392,835
478,395,485
474,405,107
477,415,879
475,425,104
476,427,846
477,424,494
473,428,113
477,441,887
478,436,108
477,441,848
477,443,505
475,443,113
475,447,887
472,451,114
476,456,847
477,458,511
476,453,118
474,466,895
471,470,121
476,474,856
476,471,516
475,476,128
473,478,898
473,478,123
476,479,858
473,466,514
470,485,128
475,493,902
471,506,134
473,519,872
475,530,546
470,551,149
475,571,916
471,579,159
473,596,892
473,596,567
471,609,172
474,612,943
469,612,171
472,624,902
470,623,580
469,618,172
467,623,947
468,627,177
469,641,911
468,648,588
468,651,183
468,671,962
466,685,196
468,690,924
468,689,607
465,700,198
466,711,976
466,725,210
469,728,931
465,725,620
463,732,210
465,732,982
466,730,212
464,734,937
463,738,624
462,738,210
467,739,984
461,736,215
466,740,935
463,736,625
464,729,204
462,731,982
459,726,210
462,724,935
462,728,624
462,720,195
467,725,979
460,729,213
463,732,936
460,730,629
463,735,201
463,732,981
459,720,209
463,719,929
462,715,625
460,714,196
463,702,971
460,694,200
460,695,921
460,690,616
458,684,187
460,680,964
459,691,199
462,697,918
463,704,626
459,701,193
463,698,971
463,695,200
461,687,916
459,677,615
459,680,182
461,680,964
457,661,189
460,643,898
459,625,602
461,615,158
462,615,942
460,610,171
462,611,886
460,614,599
458,612,157
455,611,942
457,603,168
459,605,885
457,598,593
457,580,149
457,558,925
455,541,146
454,518,856
454,490,564
455,468,111
455,442,885
453,426,106
455,418,821
455,390,532
454,376,71
457,366,861
456,357,80
455,353,798
454,342,519
454,328,57
456,321,845
455,312,64
455,302,779
454,304,505
453,306,50
456,302,839
455,295,58
456,295,777
454,293,501
453,295,48
455,293,837
456,290,56
457,284,775
456,288,502
454,293,39
458,295,838
459,300,60
459,308,780
456,315,511
457,320,53
457,316,844
455,320,68
458,323,786
456,323,509
456,328,58
458,336,851
457,345,76
458,340,789
459,331,513
455,337,62
459,349,856
457,353,79
460,365,802
460,369,529
459,370,74
462,378,864
458,378,87
463,376,802
459,379,536
460,379,73
461,382,866
459,391,92
460,395,809
459,397,542
458,401,84
461,405,874
458,399,95
464,410,812
458,405,545
458,405,86
465,400,873
460,400,96
463,400,809
458,398,545
459,398,84
459,404,875
459,410,99
460,422,812
460,408,551
461,408,79
459,409,876
459,410,99
462,417,808
465,418,558
461,422,88
464,423,881
462,411,100
463,415,807
463,412,557
462,414,90
462,410,878
461,413,100
461,418,809
463,419,561
458,417,87
460,417,879
462,418,102
464,423,809
463,426,565
460,430,92
462,425,882
461,422,103
462,415,805
463,409,566
459,408,82
464,414,878
462,414,100
462,416,805
462,409,566
461,412,83
464,412,878
459,408,98
460,402,794
463,405,569
465,411,86
462,408,877
461,402,96
462,401,801
463,405,569
462,402,86
465,394,872
464,389,92
465,393,798
464,392,567
463,391,74
466,385,869
461,383,90
461,384,794
460,384,558
464,386,80
465,387,869
464,386,91
464,383,790
463,389,562
463,385,79
463,383,867
461,382,89
462,388,796
465,392,564
462,386,77
463,395,872
459,399,96
459,396,798
458,404,573
457,421,86
457,429,883
456,439,110
458,451,812
454,456,594
454,462,102
453,460,893
454,457,116
457,453,814
457,450,587
454,448,102
457,459,893
453,462,117
452,464,811
455,461,592
453,469,107
453,473,898
449,477,123
455,472,819
456,478,601
453,473,100
451,472,898
451,478,124
454,472,817
455,479,604
451,476,105
456,480,900
454,480,124
455,481,816
455,481,607
453,478,108
459,481,900
455,484,126
451,473,810
453,478,605
453,484,115
452,478,899
453,482,125
452,484,815
451,487,611
451,489,113
451,483,901
454,474,122
457,488,818
455,496,614
450,499,118
452,499,907
453,492,129
455,495,822
454,497,624
455,498,113
458,507,909
454,508,134
456,502,811
456,510,627
453,503,117
455,509,909
454,509,135
458,518,827
456,514,627
455,519,126
453,529,917
456,521,139
453,524,827
452,527,632
456,529,130
460,532,918
454,536,145
454,540,835
458,542,639
459,542,126
458,538,920
456,535,144
457,526,821
460,530,631
458,525,124
460,524,915
459,523,140
462,519,815
461,509,628
460,514,121
461,516,913
463,515,138
464,510,813
462,510,622
462,502,117
464,495,904
466,494,129
466,498,806
464,491,619
461,479,111
464,475,899
465,474,122
461,477,805
464,480,616
463,483,106
467,475,898
464,472,121
462,461,797
463,458,609
464,459,115
466,466,896
465,463,118
467,465,789
464,461,608
463,460,102
467,461,894
464,462,117
466,456,788
466,458,615
465,458,104
467,459,894
463,452,114
462,452,791
465,442,604
466,441,94
463,440,887
465,434,107
464,435,770
466,431,604
465,427,88
466,429,884
468,425,104
469,426,770
465,424,600
464,423,86
468,429,884
469,433,107
469,433,776
467,429,601
465,421,90
467,434,885
467,436,108
468,433,779
467,426,604
467,412,88
467,406,877
463,409,98
467,413,777
473,415,602
466,422,83
466,414,879
467,417,102
467,419,761
464,413,607
467,411,80
466,400,874
468,401,96
469,403,754
469,404,600
463,403,81
468,405,876
467,403,97
468,397,762
467,397,598
466,402,84
468,402,875
469,396,93
467,395,754
466,390,598
468,383,67
469,380,867
467,379,88
464,393,746
467,390,594
466,383,70
466,377,866
465,367,83
469,372,747
465,381,594
468,386,74
469,391,871
464,382,90
466,377,751
466,381,593
466,384,74
466,392,872
467,386,91
468,389,747
467,390,596
468,386,77
466,384,868
467,390,92
465,396,753
468,394,600
466,385,71
469,393,872
466,392,93
465,405,753
468,401,604
469,401,79
471,391,872
463,396,94
467,402,747
469,406,609
468,401,77
467,391,872
465,395,94
465,403,754
468,404,608
467,401,82
468,410,878
468,411,99
467,410,756
467,411,607
466,412,87
467,413,878
465,418,102
469,420,752
468,418,615
468,416,81
468,412,878
466,412,100
467,415,745
465,412,611
465,414,85
468,421,881
467,421,102
467,421,744
466,421,612
466,416,86
466,412,878
467,417,101
466,416,743
467,412,615
464,415,88
467,421,881
463,427,105
465,424,753
466,438,624
466,437,90
468,432,885
466,431,106
468,435,761
466,444,633
465,440,90
468,435,886
468,444,112
467,448,753
463,449,631
465,445,99
466,452,892
464,455,115
469,454,746
467,451,636
462,461,103
465,466,896
467,464,118
466,461,756
462,459,633
465,457,103
467,461,894
468,457,116
466,462,765
466,464,637
465,463,97
466,464,896
465,467,119
469,461,754
467,461,633
468,456,98
468,457,893
463,456,115
464,456,754
465,459,636
466,461,102
462,459,893
466,453,115
465,461,753
466,460,640
467,467,107
465,464,895
466,462,118
464,463,757
467,469,639
466,463,105
467,461,895
467,466,119
466,472,751
464,476,646
463,473,102
466,475,899
466,478,123
466,479,753
465,484,645
464,478,110
468,479,900
466,477,123
464,470,755
464,467,645
467,462,105
467,465,896
463,467,119
464,456,742
464,457,643
466,458,102
466,457,894
462,458,116
464,465,751
468,468,645
466,466,102
468,466,897
465,468,120
465,477,752
466,476,646
464,471,104
468,471,898
465,473,121
465,463,742
465,464,646
466,477,105
466,472,899
463,467,119
465,464,748
467,469,644
466,468,106
467,463,895
466,470,121
465,477,753
466,477,651
464,483,109
467,477,900
464,479,124
465,488,761
467,486,651
464,485,106
466,486,902
468,487,127
468,483,755
465,477,651
466,481,107
466,487,902
468,477,123
466,468,746
466,473,650
464,470,101
466,475,899
467,479,124
468,472,740
466,472,652
465,473,107
467,475,900
464,475,122
463,476,749
464,476,655
468,474,109
466,469,897
466,470,121
466,473,751
466,474,654
466,479,102
465,489,903
463,481,125
465,482,746
468,480,655
466,475,104
464,471,898
464,472,121
467,477,742
467,483,654
465,484,111
469,485,902
464,479,123
465,477,739
467,474,655
466,486,111
467,490,904
468,493,129
465,491,752
466,497,666
465,494,115
465,488,904
467,477,122
466,479,740
467,476,655
467,476,102
470,483,902
465,483,125
466,481,745
469,481,657
469,489,112
468,493,904
464,484,126
467,490,745
465,493,660
466,488,111
466,489,902
465,489,127
468,493,742
463,499,668
465,492,113
467,499,906
466,501,132
469,502,748
466,501,664
465,503,116
468,502,908
465,501,132
467,496,749
467,499,663
469,498,111
467,497,905
466,492,128
468,493,742
466,488,663
462,478,105
466,482,901
468,484,126
468,484,731
470,483,665
466,481,111
467,485,901
466,481,124
467,473,738
464,476,658
466,471,108
465,476,900
466,478,124
463,477,110
466,473,658
465,470,98
464,468,897
466,472,122
464,480,736
466,482,661
464,476,104
463,484,901
464,480,124
466,477,735
466,477,659
463,482,107
464,483,902
459,481,125
463,482,737
463,485,665
462,483,110
466,472,898
463,475,123
465,480,739
465,479,660
463,477,110
466,482,901
463,485,126
464,493,746
464,487,667
464,488,105
464,486,903
464,485,126
466,479,732
467,478,665
463,479,106
466,490,904
462,492,128
466,488,740
466,480,662
463,469,108
468,477,900
466,476,123
463,468,725
465,466,661
461,468,104
466,471,899
464,472,121
464,473,730
465,469,659
466,466,98
462,475,899
465,471,121
461,474,736
464,475,662
461,475,103
463,475,899
463,474,123
464,468,730
464,462,657
464,465,100
465,468,898
464,474,122
464,470,728
464,469,660
464,467,104
464,470,897
466,479,124
465,486,736
464,487,667
466,491,114
464,496,907
462,490,128
464,496,743
465,498,675
464,485,105
467,493,905
464,485,126
463,479,732
463,478,668
464,481,107
469,476,901
467,477,124
466,482,730
469,490,673
467,484,113
467,480,901
464,480,124
462,480,727
466,481,668
463,478,107
467,474,899
466,474,122
465,488,742
464,494,675
461,489,107
463,488,904
465,490,128
465,495,739
465,495,674
463,496,111
470,503,909
466,502,132
462,494,734
463,485,667
464,482,108
464,481,901
467,472,121
467,478,731
464,470,664
465,474,105
466,473,899
466,473,121
465,474,735
463,473,666
466,472,107
466,473,899
465,479,123
465,483,739
465,487,669
462,477,104
464,474,900
464,467,120
467,470,727
465,474,666
466,483,108
463,478,900
463,483,126
463,482,735
460,487,672
459,479,111
464,480,901
464,473,122
463,472,726
461,474,663
464,479,108
466,483,901
464,482,125
467,475,739
467,479,667
465,473,101
462,458,895
462,470,121
465,475,728
468,479,667
462,478,105
462,467,897
464,474,123
466,473,733
462,475,662
465,475,103
464,481,901
465,479,125
463,487,735
463,482,663
464,471,105
465,473,900
464,467,118
464,462,729
465,466,657
463,462,95
464,463,896
461,460,117
461,471,734
463,463,656
465,462,95
465,474,899
466,483,125
467,480,735
465,480,660
461,482,107
464,477,900
462,476,123
464,474,735
464,482,661
462,480,112
465,479,901
464,488,128
465,485,733
463,477,660
466,484,111
465,480,901
463,473,123
466,479,740
464,477,661
463,473,101
466,477,900
466,482,125
463,474,746
465,474,658
464,469,101
466,460,895
466,464,118
466,459,734
465,459,651
465,460,100
467,463,895
466,462,117
464,459,741
467,455,649
464,454,101
462,468,897
464,466,119
464,473,738
467,471,657
467,473,108
465,476,900
464,474,123
468,478,744
465,478,657
464,477,102
466,471,898
464,477,124
463,474,741
467,479,657
466,487,109
464,494,905
458,490,127
467,486,748
467,486,658
463,466,100
464,461,895
464,463,119
463,465,743
467,464,650
469,466,105
465,469,897
468,483,126
468,489,753
466,487,663
465,484,112
464,481,901
465,491,128
465,494,752
465,497,667
463,483,107
466,487,902
462,486,126
469,489,750
469,491,661
463,494,111
464,486,902
466,495,130
464,492,746
464,485,657
464,479,108
465,486,902
466,485,126
465,487,750
467,492,660
465,487,114
464,491,903
466,493,129
463,487,755
465,493,660
467,487,114
468,479,900
467,476,123
468,480,750
466,480,655
467,475,102
465,474,898
466,467,120
467,463,738
468,474,654
467,475,105
467,474,899
467,477,124
466,474,751
467,476,651
466,473,108
464,461,894
463,465,119
465,470,747
470,463,651
463,466,107
465,473,899
466,466,119
469,465,748
466,470,652
464,467,105
469,466,896
469,474,122
468,471,749
466,472,652
466,468,99
466,472,898
465,469,120
465,460,741
465,455,643
463,458,102
467,472,898
465,480,125
465,490,761
464,487,651
467,484,111
464,479,901
464,472,122
466,470,755
464,469,646
461,474,108
467,473,899
470,475,122
469,473,752
463,480,650
461,473,103
465,467,897
466,460,117
468,461,750
468,461,644
464,459,101
469,464,895
465,454,115
465,452,752
469,454,641
467,458,99
467,465,896
465,469,121
466,477,756
465,476,897
463,474,110
462,474,899
466,462,119
465,463,756
463,469,648
461,470,108
466,456,893
468,454,114
465,451,753
463,450,637
464,458,96
467,450,891
467,449,113
465,453,752
464,459,637
462,454,96
465,453,891
465,457,116
465,455,758
465,449,634
463,456,98
461,465,895
462,464,118
466,466,752
469,475,639
466,474,109
464,473,898
463,464,119
465,460,756
464,456,635
463,459,97
466,462,894
463,456,116
464,454,754
464,457,636
466,455,94
467,456,892
465,452,114
466,458,761
464,459,635
463,461,103
464,458,893
465,449,114
464,459,761
465,474,643
461,464,105
463,461,894
465,460,118
463,462,761
464,466,638
462,461,103
466,467,895
465,467,120
463,473,777
464,471,635
465,471,101
464,468,896
466,468,121
465,461,774
461,465,629
468,466,100
465,456,891
463,455,116
464,455,774
465,462,627
466,464,102
466,465,895
462,471,121
465,463,774
466,468,627
465,458,103
462,457,892
462,467,120
464,467,775
466,463,632
463,463,103
466,462,893
464,459,116
466,454,785
464,453,623
462,461,107
462,459,892
464,456,116
464,450,772
465,454,619
465,458,100
464,462,893
464,465,119
464,465,774
464,459,621
463,459,101
464,461,893
464,463,119
464,472,791
461,471,621
461,473,109
465,474,897
466,469,120
465,469,788
463,472,621
464,464,104
465,467,895
464,463,118
465,470,799
465,477,622
464,472,101
467,465,895
466,460,118
464,467,793
464,470,623
466,457,97
463,456,890
467,453,114
463,456,796
464,455,613
465,454,100
463,447,888
462,455,115
465,463,800
463,469,610
460,458,102
467,459,891
465,471,122
466,472,806
464,471,612
462,473,107
466,465,892
462,454,115
465,458,807
462,461,607
460,461,105
465,471,895
462,470,121
464,470,815
463,463,606
461,453,97
465,459,890
461,457,116
463,457,805
462,459,605
464,457,102
461,469,893
462,475,123
463,479,814
464,471,611
463,467,107
463,464,892
465,461,118
462,456,809
464,453,597
462,452,102
462,451,888
465,456,117
465,456,814
465,454,598
464,455,97
462,471,894
464,468,120
467,462,821
466,458,590
466,456,98
463,457,889
464,450,114
464,451,818
465,465,596
461,466,104
464,476,897
463,474,122
464,474,823
464,458,591
464,462,105
467,466,894
460,460,117
466,461,829
465,465,591
464,459,103
463,459,892
461,465,119
464,472,832
464,479,594
464,479,106
461,468,896
460,467,119
464,475,845
466,471,591
464,464,100
465,468,896
464,465,119
462,477,840
462,476,587
464,473,108
466,471,896
464,463,118
466,457,826
463,454,576
463,461,102
463,455,891
465,453,114
466,458,845
464,459,579
461,454,100
466,455,891
465,456,115
460,454,844
463,447,569
463,439,92
463,452,889
461,456,115
463,465,855
465,474,574
463,464,101
466,459,891
464,454,114
463,445,849
462,449,564
467,446,96
465,450,888
464,450,113
465,458,852
464,460,563
462,464,103
464,463,896
463,471,120
467,470,868
463,474,567
462,468,105
465,471,896
463,467,119
464,468,870
463,472,564
459,467,101
465,469,896
464,465,118
461,469,866
464,477,563
461,477,105
462,483,898
466,480,123
464,474,875
465,469,559
464,477,107
462,479,899
463,478,123
462,483,873
465,483,548
462,477,109
465,475,898
463,472,121
464,468,876
467,467,541
464,458,101
463,459,892
466,453,114
466,453,871
465,459,535
462,466,100
464,475,898
465,477,122
464,470,874
463,462,548
462,460,100
467,456,890
466,458,115
463,463,874
464,465,542
463,472,106
464,466,892
465,462,117
463,468,878
467,470,539
464,467,103
463,466,898
461,462,117
461,463,876
465,465,539
466,469,104
467,470,895
466,466,118
466,470,880
463,471,537
463,473,99
465,478,898
465,475,120
465,477,880
467,479,541
462,480,104
465,480,897
463,469,119
465,472,878
468,471,533
465,471,103
467,478,896
463,480,122
465,474,880
466,470,534
465,468,102
462,473,900
465,480,123
463,482,883
466,482,532
466,480,108
463,479,898
466,475,121
464,479,882
463,480,529
466,473,99
469,457,890
463,455,113
464,458,877
464,461,525
463,461,99
463,459,890
462,468,118
463,467,878
465,470,522
461,466,112
462,465,209
463,468,881
462,475,520
464,470,106
464,473,901
464,472,120
464,471,882
461,475,524
464,474,110
467,473,897
465,477,121
462,465,877
462,451,509
463,461,104
463,469,894
464,471,120
464,472,881
463,474,517
464,472,111
466,475,895
461,473,119
465,471,879
465,474,510
465,483,123
464,479,898
466,476,121
465,485,882
464,489,511
461,492,129
465,496,908
466,489,125
462,482,886
464,480,508
463,469,115
466,472,897
463,477,121
464,483,885
464,482,512
462,477,122
466,473,897
465,472,119
463,479,884
468,480,507
468,490,135
466,491,901
463,496,127
463,497,890
460,485,506
460,483,133
462,481,903
465,475,120
463,470,880
464,474,497
464,475,137
467,476,901
464,472,118
468,468,882
465,468,495
464,469,141
463,469,896
462,470,118
465,479,884
466,480,497
463,475,139
466,467,896
464,464,116
467,467,881
464,471,493
463,466,143
468,466,896
462,472,118
460,469,881
466,474,486
463,475,146
463,473,898
463,472,118
461,467,880
466,460,481
464,464,147
463,467,900
463,470,118
466,470,882
467,467,475
465,470,157
467,471,898
467,471,119
463,469,882
465,470,478
466,465,150
464,470,896
464,481,120
463,483,885
465,477,479
462,475,159
464,481,900
461,475,119
464,477,885
467,472,470
467,471,162
464,483,902
465,486,123
465,482,886
463,475,485
463,470,165
462,474,903
465,478,119
465,474,885
464,481,486
464,482,169
465,487,902
465,483,120
467,479,885
463,477,464
465,478,171
464,478,900
464,473,118
466,483,886
467,483,483
466,480,171
468,483,902
462,480,118
463,471,884
466,476,453
465,470,171
463,472,900
465,482,119
467,485,888
467,480,452
466,478,178
462,474,903
461,475,115
465,483,886
465,483,457
468,485,184
467,486,903
466,483,119
464,488,889
467,487,459
465,485,184
467,488,903
466,481,120
465,481,887
466,485,448
464,487,190
465,477,899
463,486,119
465,479,887
466,466,438
465,464,182
465,465,897
463,468,113
466,473,885
465,474,437
462,469,190
468,474,905
465,476,117
462,479,887
464,475,432
462,471,190
466,472,899
466,473,115
463,479,887
465,476,429
466,474,194
466,467,898
466,462,111
464,475,886
466,476,427
462,476,199
465,488,902
465,484,119
466,488,889
466,483,425
462,477,201
465,475,906
464,480,117
467,478,887
467,479,434
465,462,220
464,464,902
464,461,110
467,459,882
467,471,395
463,470,222
466,459,896
467,456,109
468,458,881
466,460,399
460,459,214
463,459,895
462,456,108
464,455,880
465,443,388
464,443,213
465,441,888
462,433,99
463,434,873
466,437,376
464,448,214
465,449,894
465,459,110
464,469,884
465,472,389
464,469,224
463,477,906
464,474,116
462,475,886
460,470,387
461,464,224
465,469,902
465,468,114
463,464,883
463,466,384
462,460,225
463,460,896
462,461,110
460,468,884
466,464,384
465,463,226
465,458,893
463,453,108
464,456,881
465,459,371
462,455,227
463,453,899
464,449,106
464,446,877
463,448,369
464,444,226
464,446,896
463,449,106
462,463,882
464,461,371
464,466,237
463,465,906
466,462,111
462,459,881
462,459,368
462,454,235
465,463,900
466,468,113
464,468,885
462,465,365
460,462,241
461,461,902
466,468,114
463,469,885
463,457,363
459,453,242
463,457,902
462,461,110
463,462,881
466,458,359
461,455,241
465,464,907
464,464,112
468,468,884
465,464,359
462,459,249
463,462,899
462,463,111
463,461,882
461,462,358
466,461,254
466,459,899
463,458,109
463,461,883
461,470,356
459,462,255
464,461,896
467,462,111
462,455,880
463,450,343
463,446,256
464,457,905
461,461,111
466,464,884
464,464,351
463,450,258
466,450,898
463,466,112
464,471,886
464,467,353
466,475,267
463,475,903
463,475,116
465,470,885
463,474,350
463,469,266
464,470,901
464,466,112
462,466,884
461,457,337
466,456,265
467,451,898
465,456,107
464,458,883
467,461,339
463,465,272
463,469,906
466,473,114
462,468,886
465,463,339
466,456,274
464,462,901
463,466,111
466,468,886
467,472,340
465,476,282
463,476,902
462,474,113
463,475,887
465,481,344
462,481,289
463,480,889
464,474,114
463,470,886
464,469,335
463,466,284
463,472,907
466,478,115
467,489,892
467,488,341
462,495,300
464,493,912
464,485,118
462,480,889
464,482,337
464,480,298
464,484,914
462,480,115
462,483,891
464,481,334
462,477,301
464,475,903
461,474,113
465,475,888
465,477,332
464,467,297
462,459,896
460,462,108
462,466,885
464,473,324
462,466,305
463,471,910
464,473,112
461,470,886
465,477,320
461,482,320
462,476,909
463,465,109
464,462,883
464,461,314
468,460,323
466,465,901
464,476,112
465,480,889
463,470,313
463,480,331
462,478,906
461,470,110
460,462,883
465,453,299
465,454,326
466,459,896
464,449,102
463,451,880
462,458,296
463,465,335
463,471,908
462,469,110
463,460,883
463,461,296
460,452,336
467,462,903
462,468,110
464,466,885
465,469,296
463,474,344
464,481,907
463,473,112
462,456,882
465,453,288
464,453,343
462,457,897
464,454,105
466,454,881
463,451,288
462,454,344
464,452,901
462,449,104
467,451,880
470,449,283
462,446,344
466,459,901
465,463,109
467,459,882
465,460,286
462,466,354
465,469,908
464,466,110
463,465,885
464,469,281
467,463,359
466,469,901
464,459,107
465,468,886
464,476,275
463,481,369
465,482,902
465,475,113
465,476,889
463,483,275
467,476,368
464,475,908
464,481,114
464,475,888
463,467,268
462,473,374
464,474,904
462,473,112
461,482,890
463,478,257
465,485,387
465,477,904
460,465,109
461,465,885
467,465,258
464,469,381
462,463,898
465,459,107
464,475,888
464,466,244
465,467,386
465,466,901
466,463,109
463,458,883
460,467,243
462,468,392
461,472,902
461,470,111
465,469,886
464,464,236
465,473,395
466,477,909
464,469,111
464,473,888
464,474,230
465,476,401
465,480,904
461,482,115
463,483,890
462,484,226
462,476,400
464,483,901
464,481,116
462,482,890
464,482,215
462,481,411
465,476,908
467,478,117
467,477,889
467,466,206
468,467,408
465,464,902
467,457,109
464,452,881
464,453,198
467,463,418
465,472,902
464,468,114
464,473,887
463,472,194
465,470,425
466,467,899
463,461,110
463,467,886
465,470,187
466,473,427
463,479,907
461,479,115
463,475,889
464,468,184
465,478,437
463,485,907
462,482,115
466,477,890
468,472,174
463,480,443
465,473,907
465,467,109
464,467,886
463,472,170
460,464,443
461,471,902
462,480,116
463,473,887
462,462,158
462,453,442
465,455,894
463,462,109
466,460,884
464,460,147
466,458,448
466,460,903
460,456,109
462,460,884
465,467,153
466,468,455
464,466,903
462,464,112
466,476,890
466,479,145
462,481,469
463,475,905
466,474,114
465,476,890
465,479,148
463,476,467
464,478,905
464,476,113
465,481,891
465,480,140
462,474,472
466,475,905
465,471,111
466,473,888
463,473,137
463,470,475
465,473,907
463,476,116
464,468,887
465,473,134
463,478,480
466,473,905
463,472,116
462,475,890
461,470,133
465,473,484
463,473,903
464,473,110
466,477,891
466,472,132
465,469,486
464,467,902
466,466,110
464,467,888
464,468,128
461,467,487
462,474,911
466,468,114
468,465,887
465,469,129
462,470,502
461,473,908
459,462,111
462,454,884
464,461,126
465,461,506
467,459,900
466,462,112
461,460,886
464,462,126
461,460,505
461,466,902
463,473,113
463,473,891
467,466,127
462,454,510
465,456,901
465,454,108
465,454,885
465,453,122
464,464,500
463,466,899
462,466,113
464,460,885
464,460,124
463,463,506
466,471,894
466,464,112
465,460,886
464,468,127
463,463,513
464,462,891
465,463,106
467,463,885
462,462,124
464,464,509
465,462,882
465,467,110
464,464,888
462,461,124
465,464,517
464,464,882
465,459,109
465,459,886
462,456,122
462,456,516
462,456,875
463,453,106
465,451,884
462,457,122
462,463,524
466,461,872
464,470,112
464,476,893
465,468,125
464,468,529
468,471,872
463,475,109
465,479,893
462,483,130
463,479,530
462,479,870
467,481,115
468,481,894
466,473,127
465,464,532
466,466,864
464,467,110
464,479,893
464,480,129
463,476,538
462,473,864
461,465,111
465,470,892
461,471,125
467,476,547
462,471,888
460,467,105
464,460,889
465,470,124
460,466,547
464,466,852
463,466,109
461,464,890
465,461,122
465,461,546
465,460,849
464,463,105
462,465,891
464,469,125
465,464,550
466,466,850
463,465,107
466,455,887
464,457,119
465,465,536
465,472,846
464,470,113
463,475,894
467,470,123
466,468,537
463,472,842
464,475,109
462,475,895
464,477,126
465,477,545
466,476,840
465,473,109
464,472,895
465,473,125
465,471,565
465,486,845
464,493,117
464,495,902
468,491,131
466,489,576
468,489,840
460,477,113
467,479,898
466,479,127
466,474,583
466,478,831
466,481,116
464,494,903
464,488,131
463,480,589
465,478,830
461,478,107
463,475,898
464,480,127
467,479,590
465,483,827
463,482,115
468,488,899
469,489,130
465,490,596
464,496,830
463,487,115
462,492,902
465,490,131
465,495,599
464,494,827
462,488,117
467,487,900
468,480,126
467,482,608
467,484,819
465,487,108
463,485,900
461,486,129
464,485,610
467,484,818
464,474,105
466,466,895
464,464,120
464,466,604
465,472,813
463,464,103
466,466,894
468,470,123
465,477,615
463,472,807
462,475,110
466,478,897
466,476,125
467,480,621
465,481,807
463,480,112
466,482,898
467,480,126
464,481,625
466,479,803
465,476,104
468,474,896
466,476,124
464,477,628
466,482,798
465,479,110
463,471,895
463,467,121
466,472,622
467,479,797
461,472,110
463,480,897
464,487,128
462,491,640
464,485,799
467,486,116
467,491,901
465,476,124
464,476,640
464,479,792
465,480,106
464,475,896
466,478,124
465,480,643
466,474,790
465,480,108
465,473,896
464,468,120
464,467,643
463,473,787
464,480,112
467,484,899
466,487,127
463,492,649
467,492,784
466,483,113
466,495,903
463,491,129
462,487,654
464,489,781
463,472,102
467,472,895
463,470,122
465,467,649
464,470,772
464,484,106
464,479,897
463,477,124
462,473,653
465,472,767
463,470,106
464,478,897
464,472,122
464,470,654
464,475,766
464,476,110
463,473,896
467,476,124
463,484,663
463,474,760
465,470,109
466,471,896
463,469,122
462,477,669
464,468,754
464,468,99
464,470,895
463,479,124
464,467,662
465,471,753
464,475,104
463,474,897
463,472,122
462,477,671
468,465,749
465,450,97
462,456,891
466,449,115
463,458,667
466,463,747
464,456,101
463,450,890
463,457,116
463,455,673
466,459,743
466,456,103
465,474,897
462,473,122
463,474,678
466,472,742
463,468,101
464,471,896
464,464,120
463,461,670
466,469,735
463,468,103
465,472,898
463,465,120
461,462,671
467,464,732
463,460,102
461,470,896
465,468,120
463,468,681
464,475,728
463,475,109
461,471,898
460,475,123
462,472,691
462,469,717
462,465,96
464,468,897
463,465,120
464,457,682
465,449,711
466,450,94
464,462,894
465,461,118
467,471,688
461,465,712
464,458,98
465,449,889
464,443,111
463,444,689
464,450,696
462,454,99
462,461,894
466,456,116
462,449,696
466,449,687
467,447,97
466,447,890
465,451,114
469,463,704
464,456,683
466,453,92
465,447,890
465,444,112
464,446,704
464,443,677
467,445,94
466,445,890
465,445,112
467,452,705
466,455,677
463,453,101
465,443,889
462,441,111
463,451,710
467,451,671
466,445,98
464,450,890
463,449,114
463,454,719
466,450,668
464,457,93
460,456,893
466,464,118
466,457,720
464,458,666
463,464,99
467,463,895
466,461,118
464,463,712
463,461,665
465,460,101
460,466,897
464,460,117
466,470,717
465,467,666
465,465,103
464,472,898
462,471,121
461,476,730
465,472,662
464,467,104
464,470,897
465,475,122
465,483,741
464,473,663
463,467,100
464,475,900
466,478,124
466,479,743
464,482,658
464,484,111
461,498,906
461,504,132
462,496,754
463,490,656
464,478,112
464,483,900
464,483,125
466,490,753
462,487,652
461,481,112
465,482,900
465,479,125
463,473,757
464,464,642
464,467,98
464,478,898
461,469,121
462,477,753
462,479,641
462,488,110
463,485,901
464,473,122
462,468,769
465,464,628
464,461,103
462,461,893
462,469,122
462,478,775
464,468,628
464,465,105
462,463,893
464,462,118
462,458,782
463,468,630
465,463,119
464,464,894
464,466,120
464,468,777
463,462,621
462,460,101
463,464,893
465,472,122
463,476,788
463,467,613
464,468,110
465,464,894
464,459,116
466,462,800
464,458,614
461,456,103
465,460,891
466,453,115
464,460,803
463,463,605
465,459,104
464,459,890
464,461,118
466,459,808
462,463,602
462,458,100
462,458,890
466,459,117
463,456,810
464,460,596
465,473,105
464,478,895
463,469,120
464,461,811
462,458,591
462,459,103
465,456,890
464,456,115
463,462,822
465,456,585
462,451,100
463,451,889
469,458,115
463,450,830
462,454,577
464,453,97
464,451,890
464,457,115
463,460,831
463,463,578
464,459,101
467,460,894
463,458,116
465,451,835
465,452,568
466,458,103
466,449,889
465,447,112
463,451,848
462,457,567
463,460,102
464,463,893
464,463,118
465,458,855
466,464,567
463,457,104
461,450,889
462,454,114
463,469,866
467,473,556
465,473,103
463,468,894
463,463,118
463,461,864
467,473,560
464,475,105
462,468,893
462,465,118
466,464,868
469,458,553
465,459,104
465,462,894
465,462,117
465,458,866
463,467,549
466,472,106
465,478,898
464,480,123
468,477,877
464,478,551
464,474,101
466,469,895
465,471,120
465,468,872
463,471,544
464,458,98
465,461,891
463,464,118
464,467,871
465,466,536
460,465,103
462,472,895
463,473,120
467,477,874
465,479,539
464,468,103
463,469,896
463,468,119
463,475,881
466,479,535
464,478,107
463,479,900
462,473,120
464,467,877
465,470,534
464,474,101
467,481,898
469,476,121
466,464,880
464,460,527
465,461,99
464,458,889
464,452,113
466,462,876
466,465,509
464,473,106
463,468,897
465,456,113
463,459,879
465,463,510
464,459,101
465,455,893
464,460,116
462,468,878
464,469,519
462,462,99
465,467,894
465,464,117
467,467,881
465,475,521
462,475,107
462,470,896
462,472,119
463,477,881
463,479,514
461,482,116
466,479,899
464,483,123
464,479,883
465,473,511
467,469,116
465,472,898
460,474,120
466,476,884
467,470,509
467,472,115
465,479,898
464,478,122
466,482,883
463,479,511
464,486,128
464,480,899
463,486,125
462,489,888
463,485,508
463,477,129
463,479,898
463,484,123
464,475,881
465,471,501
462,466,128
466,473,901
466,473,119
465,472,885
464,474,499
463,467,138
464,469,897
464,469,118
465,478,885
464,478,498
464,481,141
463,482,901
462,477,120
466,477,883
462,485,498
464,481,144
466,480,898
466,474,120
464,472,882
464,463,481
466,465,144
466,478,903
463,466,116
463,463,879
467,459,489
465,457,145
463,465,897
465,470,118
466,477,884
464,476,496
463,481,151
463,484,901
463,479,121
468,476,885
465,473,492
463,464,149
463,456,893
463,453,111
463,451,876
463,458,480
466,465,152
464,468,898
465,473,117
463,469,882
464,473,492
463,474,166
464,473,902
463,474,119
464,468,882
463,470,471
464,464,157
465,459,897
464,460,111
464,457,879
462,462,472
465,467,162
463,469,896
463,461,114
464,465,882
465,472,466
466,467,167
463,465,895
463,462,112
466,463,880
464,471,464
461,470,170
464,471,900
462,477,119
463,474,884
462,473,459
463,471,175
463,471,899
463,478,120
468,478,885
467,475,456
466,467,178
466,469,897
464,467,115
463,468,886
466,466,454
464,468,184
465,473,897
465,470,115
461,465,881
463,459,439
465,462,187
464,472,901
462,472,117
467,474,885
468,471,446
465,476,192
464,473,903
463,463,111
465,476,885
465,477,441
464,473,191
465,468,899
462,470,116
465,473,885
466,473,437
467,471,195
463,474,901
464,468,115
464,459,880
464,460,430
465,461,195
467,472,905
465,467,112
463,472,884
463,472,430
463,469,198
463,473,905
463,475,116
463,475,885
464,475,425
463,472,201
461,474,901
464,476,116
462,478,886
465,481,435
464,483,206
463,479,902
463,474,116
464,470,884
465,465,430
463,463,200
465,459,897
464,454,108
464,470,884
462,469,418
460,471,207
464,476,907
464,475,115
465,460,881
466,462,417
461,462,205
467,461,900
463,458,109
464,462,882
463,468,412
461,471,211
462,460,898
461,455,108
464,456,880
464,461,407
462,460,208
464,469,886
465,470,114
463,468,885
460,461,397
458,462,216
465,465,899
466,462,111
465,471,885
464,464,395
463,457,217
463,460,902
461,461,110
461,460,881
465,456,395
463,461,216
468,464,903
461,456,109
465,464,883
460,454,388
463,457,223
467,458,897
465,451,107
464,453,879
463,451,384
467,452,221
464,464,897
466,459,110
465,456,880
465,453,376
463,458,225
465,453,902
466,449,106
463,452,879
466,460,377
463,463,227
464,475,904
464,468,113
462,464,883
463,464,376
463,460,226
465,459,895
466,446,105
464,449,878
463,448,372
462,441,226
467,454,895
463,458,109
462,464,883
463,457,365
464,464,239
469,469,904
467,461,111
465,457,881
465,463,368
462,467,241
463,464,903
465,462,111
465,464,883
464,468,366
464,464,245
465,474,907
466,471,115
465,472,886
464,466,362
463,468,248
467,468,901
467,466,112
466,472,886
464,477,365
464,476,253
465,474,900
462,466,112
463,461,883
461,455,350
463,461,254
464,463,906
466,466,112
464,470,886
463,468,360
463,464,257
466,461,901
463,463,111
463,455,880
463,465,356
465,467,257
463,465,900
462,468,113
465,470,887
463,481,358
461,472,265
464,465,899
459,462,111
462,465,885
464,462,349
464,463,265
465,464,905
461,464,112
464,471,886
466,463,347
462,462,265
464,465,905
463,462,110
461,469,886
464,475,350
462,468,269
464,468,906
464,477,117
465,473,887
462,468,344
463,461,269
464,463,899
468,457,109
462,459,883
462,465,338
462,470,278
463,466,898
462,457,109
464,456,882
464,457,335
462,449,274
465,449,903
465,456,108
464,458,882
466,457,333
463,459,282
465,467,904
462,468,112
467,472,887
465,468,337
464,468,284
466,473,901
464,472,112
460,475,888
463,487,346
464,484,290
464,485,906
459,473,114
464,477,888
464,476,333
459,474,293
464,482,910
465,484,117
463,478,888
463,475,336
461,479,297
464,484,912
464,482,117
466,488,893
463,490,340
463,483,301
466,484,904
464,480,115
460,485,891
465,473,332
469,475,304
466,471,902
463,464,110
466,469,886
464,470,328
462,472,305
468,476,902
466,470,111
462,471,886
462,471,325
463,472,309
465,473,912
470,473,111
466,473,887
463,481,328
462,479,316
465,485,912
465,476,113
465,472,887
464,475,328
464,472,318
464,471,906
463,463,107
463,465,885
465,464,322
464,458,318
466,467,903
464,470,110
465,463,884
461,454,312
462,456,316
463,454,896
465,462,107
466,467,885
467,464,311
464,469,322
464,478,912
466,474,111
464,479,890
466,475,316
464,481,331
464,471,906
464,467,109
465,476,889
466,472,314
461,469,328
463,479,904
464,481,114
465,476,889
462,469,312
462,473,331
464,486,907
463,483,114
466,483,891
466,486,309
468,476,335
467,476,907
465,474,112
465,481,890
463,482,311
463,478,338
465,476,909
464,471,111
465,465,885
464,463,300
461,463,336
464,464,905
465,464,108
465,474,888
462,471,297
463,471,338
464,476,903
463,471,111
465,469,886
465,469,294
467,467,338
465,468,906
463,466,110
464,469,887
466,475,292
465,476,348
462,473,911
462,469,111
465,473,888
467,480,296
469,478,351
463,469,905
464,470,111
462,470,886
464,470,293
467,463,349
461,466,904
463,462,108
462,467,886
463,471,284
464,466,353
469,465,900
467,467,110
464,468,886
467,469,285
466,473,356
463,473,900
465,470,110
464,469,887
465,469,276
460,466,356
465,475,909
465,474,112
465,461,884
463,463,275
463,477,365
462,483,908
465,474,111
462,476,888
466,475,273
463,479,368
463,480,904
462,470,111
466,471,887
464,482,268
464,476,368
466,475,901
461,469,110
462,468,886
464,474,264
466,475,370
465,478,902
463,469,110
463,460,884
463,460,265
463,460,368
466,462,904
465,463,108
461,462,884
460,462,252
463,458,372
466,462,900
465,464,109
463,462,884
469,459,245
466,466,378
465,476,902
463,475,114
462,472,888
465,473,252
466,465,380
463,465,897
460,454,106
464,460,884
463,464,241
467,462,380
469,472,906
466,465,109
462,462,884
464,465,241
464,467,384
465,461,901
466,463,109
463,462,884
465,461,239
465,460,386
465,473,891
464,474,114
463,479,889
465,478,231
463,477,397
465,472,900
465,468,111
461,461,884
465,465,223
466,467,395
465,478,903
464,480,116
463,475,887
465,474,214
462,475,397
464,478,908
462,482,118
462,485,890
463,483,224
463,475,392
462,476,906
464,470,114
464,463,884
463,466,216
467,475,409
467,483,903
463,474,116
462,473,887
464,473,212
463,463,400
464,470,901
465,467,113
464,469,887
464,470,200
460,470,411
464,452,894
468,459,110
466,457,883
465,461,191
464,466,411
462,476,906
465,469,114
462,466,885
462,470,195
465,471,412
464,474,907
461,474,115
465,470,887
465,470,199
464,472,422
464,474,906
461,469,112
461,472,888
461,460,187
460,460,420
465,460,899
465,459,109
464,461,884
462,461,179
463,465,425
463,466,906
462,463,109
464,460,884
462,477,185
464,479,433
463,471,907
461,461,109
463,466,886
464,469,176
462,467,431
465,468,903
462,466,110
463,471,888
466,473,178
466,470,440
464,471,903
464,472,113
463,472,889
463,462,168
463,455,436
467,467,902
464,465,111
463,466,886
465,466,167
461,469,440
462,474,901
463,477,115
465,476,890
464,463,163
466,469,442
467,472,906
460,460,111
462,460,884
464,451,146
463,444,438
465,459,900
465,464,113
465,465,887
463,459,149
462,461,452
466,465,902
461,467,109
462,475,889
466,467,143
463,465,462
467,470,900
465,472,111
463,466,887
466,462,141
465,466,464
464,469,902
464,463,108
464,465,887
464,468,141
462,466,466
466,461,903
462,474,115
464,472,889
464,478,142
463,475,471
467,473,905
464,479,119
464,486,893
460,470,139
460,474,475
463,480,904
464,476,112
463,479,891
464,478,143
461,476,465
465,466,902
461,464,110
464,466,887
464,457,130
465,456,463
466,466,906
464,471,112
465,473,889
465,468,136
464,464,468
462,464,904
464,463,112
464,465,886
465,463,132
461,467,474
464,467,901
462,471,109
465,471,889
465,478,138
462,483,480
464,478,907
464,470,108
465,470,888
465,469,134
465,468,476
464,471,904
464,470,112
464,463,886
462,461,130
463,456,472
468,463,907
465,469,115
462,472,889
465,477,134
466,478,480
465,470,907
464,463,113
463,457,884
463,460,130
463,463,480
464,474,906
463,476,111
463,472,889
462,477,135
464,469,486
465,469,904
464,465,107
466,464,887
464,453,122
463,459,478
466,460,900
465,461,109
463,462,887
466,460,126
465,455,481
465,462,905
466,457,109
463,463,887
462,473,131
461,472,489
463,467,905
465,461,110
465,468,888
463,475,132
464,476,493
463,474,906
464,468,114
464,464,888
465,459,127
463,452,498
463,462,902
464,461,106
464,463,887
463,462,125
463,467,495
467,464,902
467,456,106
467,464,887
461,474,130
463,474,506
464,474,908
461,469,112
464,468,889
462,471,128
464,475,507
462,474,906
463,461,110
463,452,884
463,452,123
465,447,494
465,453,897
465,454,106
468,445,881
462,448,121
461,455,495
464,458,898
463,460,106
462,455,885
464,461,124
465,457,497
463,458,895
466,453,105
466,456,886
464,463,127
466,464,497
467,466,900
466,452,107
465,448,883
463,457,124
462,452,494
463,458,895
460,457,109
463,461,887
463,467,127
465,468,509
460,467,894
461,455,105
467,453,884
463,451,121
461,447,498
465,448,891
465,450,103
462,455,885
463,452,122
466,459,503
463,462,893
461,459,105
462,455,885
465,452,121
463,445,500
465,446,886
466,445,104
465,450,883
462,446,119
465,444,500
459,451,886
463,459,109
463,455,885
465,457,123
466,452,507
465,445,881
462,442,98
462,456,886
462,455,120
461,450,505
463,448,885
460,437,98
465,444,882
465,451,118
462,452,510
462,463,884
461,468,110
462,469,890
464,472,127
461,465,510
463,466,885
463,465,111
466,472,891
465,477,129
462,473,519
465,474,886
462,470,109
463,468,889
463,467,127
462,466,519
463,459,877
461,457,104
462,470,890
461,472,126
460,468,517
462,469,878
463,469,109
463,482,894
462,478,128
464,474,520
464,473,883
461,468,111
463,475,892
461,477,128
460,472,518
463,477,882
461,472,113
465,464,888
463,463,124
463,474,526
463,471,887
462,478,115
460,478,893
460,480,130
461,473,528
462,474,876
463,473,107
463,476,893
463,472,125
464,468,527
465,463,868
460,468,108
459,473,892
463,479,130
464,479,530
464,481,879
463,488,118
464,489,897
464,488,132
464,484,532
464,485,877
463,481,115
467,480,894
463,489,132
462,482,534
462,476,870
461,474,113
464,482,895
465,476,127
465,482,536
463,487,875
463,483,110
462,486,897
462,484,132
462,485,539
464,481,868
462,474,109
465,471,892
462,465,123
460,466,531
465,476,870
462,479,115
464,486,897
463,487,131
463,488,539
464,490,873
462,493,119
462,493,899
463,494,133
463,496,550
465,500,872
462,486,118
463,492,898
464,492,133
462,488,547
466,488,868
461,494,114
465,488,897
464,483,129
467,488,544
466,491,867
464,493,116
468,499,901
467,480,128
462,477,543
462,476,863
463,484,117
464,484,896
464,482,130
464,484,543
465,476,861
467,477,114
469,484,897
466,483,130
466,481,546
467,477,859
461,469,112
465,481,895
466,492,132
462,496,536
469,496,868
467,491,112
469,494,899
468,496,135
465,502,538
463,499,864
465,499,118
469,502,902
467,495,133
463,492,535
465,496,868
468,491,119
464,500,903
467,505,137
471,504,536
466,506,868
465,514,127
466,513,908
467,513,140
465,506,554
466,496,865
467,497,114
465,502,901
464,501,136
464,498,551
466,498,864
464,491,113
465,484,896
465,481,128
465,489,553
465,485,859
465,483,114
468,483,896
465,485,129
467,485,546
467,492,866
465,499,121
467,490,898
467,491,132
465,488,551
465,490,859
469,490,120
467,485,897
464,483,129
468,469,555
470,473,853
466,475,110
467,483,896
464,473,126
466,462,551
466,461,847
468,463,105
465,465,889
469,460,121
469,459,546
465,461,848
465,465,107
466,464,890
468,460,120
465,460,546
464,457,850
466,460,107
466,457,886
463,458,119
467,448,543
472,447,842
467,444,103
466,448,885
464,452,118
463,450,547
464,456,846
467,456,101
466,457,888
469,457,121
465,452,544
466,458,845
466,459,103
465,465,889
469,465,122
464,465,550
466,461,848
464,457,105
465,463,889
464,469,123
467,464,549
465,460,846
464,454,105
460,463,889
465,455,118
466,455,547
466,446,841
465,441,101
465,446,884
467,462,122
463,458,555
467,471,851
465,477,108
465,469,892
464,463,122
464,453,544
466,453,846
464,455,101
465,456,887
466,455,119
463,445,525
466,449,843
463,444,96
466,450,886
466,451,118
463,456,549
463,460,847
466,462,106
465,470,892
464,457,120
465,463,548
467,457,845
465,456,103
468,465,889
466,462,121
465,459,531
466,457,845
463,453,99
467,458,889
463,462,122
466,463,552
466,452,842
463,445,97
464,450,885
462,443,114
464,441,525
463,450,844
462,448,99
466,454,887
467,441,114
463,440,544
462,447,843
465,446,103
464,447,885
464,452,119
464,453,546
466,450,843
467,454,106
464,460,889
464,458,120
464,465,553
466,480,852
466,483,109
466,470,893
467,467,124
465,468,553
465,473,852
463,477,110
466,482,896
463,473,125
463,461,546
462,469,848
463,478,890
464,483,130
464,478,550
463,470,850
464,467,110
467,476,895
465,465,123
466,460,552
466,455,845
467,457,107
465,459,888
463,460,121
462,461,554
460,457,842
462,456,100
464,460,889
463,464,123
464,468,556
464,466,850
462,469,107
463,481,895
464,484,129
463,485,556
466,486,856
463,486,117
464,495,899
463,504,137
462,509,566
464,514,864
464,509,125
463,518,909
463,514,139
463,507,568
464,505,862
459,508,119
463,508,906
461,519,142
462,523,575
463,519,864
461,531,129
465,529,912
463,523,144
462,534,554
466,534,877
462,528,128
463,532,914
463,534,148
465,530,551
467,525,872
466,520,129
463,526,911
464,527,144
461,517,550
461,515,867
461,517,128
464,521,909
465,519,142
466,517,548
466,531,872
462,527,132
462,522,910
464,516,141
460,516,553
463,521,867
462,515,121
462,520,909
464,524,143
462,519,571
458,526,866
457,523,127
457,514,908
460,523,144
459,527,568
460,529,874
460,529,132
459,533,915
462,533,146
461,536,570
460,529,870
460,531,204
459,534,913
460,537,148
458,531,570
458,527,868
460,519,125
462,521,909
460,515,140
461,527,574
459,523,869
457,515,122
456,514,906
458,517,142
458,520,567
459,515,870
464,503,119
460,492,898
456,477,127
460,469,550
463,456,849
462,448,103
460,440,881
460,430,110
459,427,533
457,423,836
459,407,89
457,400,868
458,395,98
460,392,521
458,386,823
458,374,70
460,369,858
456,363,86
460,353,509
460,360,816
457,357,66
459,346,850
460,339,78
460,330,498
458,327,810
459,318,54
457,320,841
458,310,67
461,315,496
462,321,807
460,312,55
457,304,836
457,303,65
460,294,486
458,290,794
458,291,41
461,293,832
458,291,61
460,289,488
461,287,793
458,288,40
457,293,833
459,293,61
460,289,480
463,284,792
457,286,42
461,285,828
461,284,58
459,287,464
463,293,801
457,295,49
461,294,833
464,298,63
459,295,486
463,301,799
460,298,50
460,297,835
460,297,64
464,302,486
459,306,803
457,306,53
460,310,838
458,307,67
459,311,472
463,313,805
463,315,49
460,308,837
462,304,66
463,304,470
462,305,802
462,309,52
464,302,836
465,301,64
468,297,461
469,305,807
465,304,52
466,297,834
464,296,62
468,307,469
464,317,808
462,322,59
465,334,846
465,341,79
470,338,498
468,342,817
468,355,68
470,368,857
470,374,90
467,377,505
470,380,832
466,388,80
469,391,865
470,393,98
467,393,515
470,397,838
472,397,81
471,404,869
472,409,103
474,413,517
477,432,853
476,438,99
475,438,881
477,444,115
472,445,528
479,449,856
477,451,105
480,464,888
477,457,120
477,467,538
475,473,866
480,475,107
477,473,892
480,465,123
481,467,536
485,475,872
481,475,111
480,480,893
482,493,133
485,502,547
482,501,880
481,500,122
482,500,901
484,504,138
483,507,544
486,515,883
485,512,127
483,511,904
482,525,146
485,529,555
488,527,887
483,516,128
487,520,907
486,519,143
484,518,551
486,528,887
485,533,132
485,536,912
483,539,150
488,541,556
486,544,903
488,544,136
487,549,917
483,552,155
483,556,547
484,567,907
483,581,152
483,578,926
482,587,168
483,599,572
486,620,926
483,622,166
481,612,937
482,611,176
481,616,569
484,625,927
485,618,160
483,625,941
483,624,180
481,640,579
484,640,932
482,649,173
485,651,951
484,650,189
481,653,589
483,647,940
483,654,178
480,648,950
482,637,185
479,630,579
480,616,926
481,601,160
485,588,930
485,585,166
484,573,562
483,557,907
481,540,131
483,531,911
482,506,138
481,485,526
480,472,879
482,461,107
481,457,885
481,449,118
484,439,513
480,440,867
481,428,98
480,420,873
481,413,105
485,414,500
483,415,866
483,429,98
488,429,876
485,439,116
484,440,510
488,430,868
482,433,99
484,438,879
481,436,114
481,439,516
481,444,873
483,445,101
482,441,880
482,436,114
483,429,504
486,420,867
484,409,89
484,405,868
481,405,103
482,407,493
482,400,863
485,398,85
485,391,863
484,382,95
486,366,482
484,359,848
484,351,70
485,344,847
484,343,81
483,346,473
484,344,846
482,338,67
485,335,844
482,336,78
479,327,467
480,325,837
487,323,54
482,319,839
483,321,72
483,326,470
485,328,838
482,331,64
482,338,846
479,335,79
482,338,470
479,337,847
478,328,63
479,340,845
481,335,79
477,331,468
482,333,843
477,339,67
481,350,850
479,348,84
478,349,473
479,354,852
474,353,66
479,354,851
479,345,81
480,357,471
479,363,855
477,352,67
479,349,849
479,355,84
476,355,471
480,356,858
477,367,77
479,365,854
475,362,89
478,362,469
478,370,865
477,378,81
478,386,864
475,388,97
473,398,484
475,410,877
476,422,96
471,431,876
471,447,119
472,453,502
475,454,891
476,446,99
475,441,879
474,437,114
472,436,493
475,441,885
470,430,97
473,428,876
475,424,112
474,422,489
477,426,887
473,431,100
472,423,874
473,429,114
470,430,491
471,431,886
469,427,99
471,436,878
473,443,117
471,455,501
473,466,898
473,472,113
475,483,893
471,496,138
470,520,521
468,531,921
468,533,133
472,540,913
468,543,152
468,553,532
471,571,938
470,581,150
470,588,929
475,602,176
469,613,550
471,613,952
472,610,173
472,618,940
468,606,176
470,608,547
472,602,948
469,615,166
471,609,936
470,606,177
467,607,546
467,607,949
464,624,166
466,629,943
466,649,191
463,667,569
468,683,979
467,692,190
467,706,969
467,715,215
463,723,584
460,713,990
462,710,199
463,703,967
463,699,211
461,685,577
461,680,977
460,684,190
461,684,962
459,680,203
462,672,571
463,670,971
463,654,178
465,637,945
465,619,184
463,607,550
466,585,944
467,571,146
463,566,922
462,549,156
462,544,528
462,549,931
460,546,139
460,556,919
458,573,166
455,595,534
456,625,960
456,632,172
454,640,947
454,659,194
453,670,557
453,672,975
452,680,190
452,677,958
453,672,200
453,670,561
453,672,972
450,682,186
452,688,962
452,682,201
449,671,557
449,657,967
452,647,174
453,647,948
451,639,191
448,631,541
450,648,970
450,646,177
449,651,949
453,661,197
451,668,550
452,671,975
451,671,184
452,691,963
451,702,214
447,703,566
451,709,985
450,725,205
448,732,977
447,745,232
449,756,580
452,777,1008
452,794,224
452,809,1003
449,804,252
451,803,593
454,812,1018
452,800,226
450,809,1003
450,803,249
451,802,591
453,812,1022
452,799,229
451,809,1002
453,802,253
452,802,588
455,811,1020
452,801,228
452,809,1002
453,803,253
449,804,590
448,812,1017
451,800,227
452,810,1003
452,803,249
452,803,586
454,813,1018
450,801,229
455,810,1002
454,805,251
451,801,591
455,798,1019
456,797,229
457,795,997
456,792,251
453,790,588
455,790,1014
455,780,224
457,781,993
456,768,245
455,754,568
456,736,992
457,721,202
455,706,968
459,694,224
459,685,541
460,676,970
456,671,183
458,668,955
457,662,209
461,649,515
457,639,957
457,642,174
457,640,946
461,642,203
459,634,509
458,629,960
460,624,170
462,628,942
457,620,203
460,610,495
461,590,945
460,590,158
460,583,926
462,579,203
462,576,488
461,581,939
460,579,148
460,565,920
459,554,192
455,546,468
462,555,931
461,557,141
464,554,917
464,544,178
461,534,465
461,532,929
461,520,132
457,512,903
462,515,171
463,506,454
464,500,914
464,487,120
463,483,892
461,481,173
461,484,447
463,487,912
460,488,117
461,491,895
463,491,174
464,486,447
462,485,907
465,487,118
465,479,890
465,467,168
464,467,436
462,469,900
464,468,111
464,463,885
462,457,172
464,449,426
464,450,901
465,443,104
463,442,878
463,448,164
464,446,424
463,446,896
462,444,101
461,443,878
463,444,173
461,432,419
464,433,890
463,432,98
462,437,876
460,439,171
459,438,420
462,431,889
464,424,96
465,424,872
460,421,166
461,415,407
465,416,882
465,412,91
463,414,868
464,417,168
462,414,402
463,404,885
462,404,87
463,399,864
464,397,174
461,392,393
461,387,876
464,387,82
468,395,863
466,397,168
465,395,395
467,398,876
463,400,87
465,395,862
466,392,167
462,400,393
466,409,879
465,408,91
467,410,868
465,405,172
465,414,395
466,410,886
466,420,96
467,429,873
468,439,187
466,443,400
467,444,895
466,444,105
465,449,881
465,452,195
466,455,408
467,465,902
464,458,110
465,453,882
463,460,208
464,454,398
465,451,892
463,453,108
466,454,882
466,449,208
466,462,400
461,461,896
462,455,109
465,447,880
459,433,199
462,434,388
460,428,891
460,432,101
459,419,870
458,417,195
456,417,382
460,419,886
459,408,92
456,402,864
458,388,197
456,386,370
458,388,873
456,387,83
457,373,854
456,380,195
456,385,367
455,377,869
456,372,78
459,365,852
460,355,186
457,349,351
457,354,864
459,354,71
457,355,849
459,353,189
458,340,347
457,327,855
456,321,58
457,328,842
458,328,188
454,319,338
459,325,852
458,325,60
457,319,836
457,313,176
455,307,333
458,306,846
457,306,53
457,301,831
458,307,179
458,304,327
455,302,843
455,296,48
456,302,831
457,306,185
456,302,323
458,301,850
457,295,48
459,304,831
460,303,183
458,304,322
458,307,848
456,307,53
455,310,833
456,306,189
455,302,318
455,297,847
455,301,50
456,298,830
456,300,198
455,306,320
455,311,847
455,305,52
459,307,832
455,311,199
454,308,319
457,308,846
454,312,55
453,317,435
457,319,208
457,324,315
458,331,860
458,328,59
459,333,841
458,336,217
460,342,322
458,340,860
459,339,63
460,342,845
461,343,219
466,342,323
459,349,860
458,343,64
461,334,841
459,336,224
460,341,315
458,344,859
459,343,65
461,344,844
460,353,220
458,358,326
458,358,867
458,357,69
463,364,851
463,369,241
461,379,328
461,380,876
461,381,78
463,382,857
463,376,253
460,371,321
461,376,868
460,381,78
462,387,860
465,395,266
464,392,332
464,387,873
463,389,82
465,385,859
463,385,252
465,389,326
464,400,878
466,394,83
467,384,858
466,381,247
465,384,321
466,388,879
469,394,83
470,386,858
472,385,266
470,385,319
471,391,880
473,398,84
472,398,863
471,406,274
474,405,320
471,404,885
472,413,90
474,412,867
470,413,280
471,407,324
472,414,885
474,413,90
475,416,869
473,417,272
472,416,321
474,423,885
473,422,93
473,425,871
473,432,280
472,432,325
472,441,900
473,437,99
473,447,879
474,445,292
472,445,328
473,441,895
473,442,100
471,444,877
473,452,302
471,452,329
473,462,901
473,468,110
470,464,885
472,461,307
472,456,327
474,458,898
469,459,106
469,456,882
469,449,294
468,454,326
472,460,900
472,457,105
469,457,882
468,466,314
467,468,326
469,467,907
467,471,110
466,472,887
468,469,314
467,471,326
469,474,907
466,476,112
468,479,890
466,472,311
466,473,327
467,470,900
469,470,109
469,468,886
465,470,318
465,471,325
466,466,900
465,458,105
465,465,884
464,470,311
464,474,324
462,471,909
464,464,108
466,464,885
465,462,317
465,462,317
466,469,905
468,461,106
463,458,882
465,461,319
464,470,315
466,469,907
465,466,109
465,466,885
464,462,319
466,463,311
466,452,896
466,458,106
467,460,883
466,459,317
467,459,311
465,461,906
464,461,107
466,457,882
466,451,313
462,458,306
465,466,909
463,463,107
465,458,882
463,448,317
464,444,302
467,446,899
468,442,101
466,439,876
462,430,318
463,427,290
463,434,892
463,437,98
462,438,876
465,443,320
465,444,299
463,446,896
461,441,99
460,439,876
462,441,315
461,446,297
465,446,902
464,453,105
462,458,883
461,449,321
465,445,295
460,438,895
458,442,101
464,444,878
463,445,320
459,441,291
461,441,897
462,440,101
464,437,876
464,444,331
462,429,288
463,427,886
461,423,95
466,422,869
462,420,319
459,419,282
460,416,885
463,413,91
463,417,869
462,420,313
463,422,282
463,422,892
466,417,93
463,415,868
464,424,319
464,418,278
462,424,891
464,429,97
464,434,874
462,423,319
466,421,281
463,428,894
461,430,99
463,428,872
461,424,323
461,419,277
463,415,884
463,410,90
464,410,866
463,412,318
462,412,278
464,415,883
464,408,90
465,404,865
465,409,313
461,409,274
459,411,891
465,415,93
464,413,868
464,417,319
465,409,265
463,411,889
467,410,91
466,408,866
462,404,320
462,404,265
463,411,887
460,403,89
465,407,865
464,395,315
460,398,262
463,396,879
465,394,85
462,397,862
460,386,310
462,382,257
463,389,874
462,395,86
460,389,859
461,383,306
459,382,256
463,384,883
464,390,84
467,396,861
466,386,310
460,380,253
463,387,879
462,381,80
463,380,855
463,374,307
458,361,245
459,354,864
461,352,71
460,358,848
461,361,306
458,363,246
460,359,866
460,357,72
460,354,847
462,350,300
461,348,238
459,348,862
459,338,66
459,343,843
461,343,297
461,340,234
463,338,863
458,334,64
457,331,840
456,333,293
452,330,231
457,330,859
456,322,60
456,321,836
460,322,295
456,308,223
455,308,847
455,300,51
458,303,828
454,303,287
457,297,222
454,297,845
453,285,46
454,285,824
454,282,275
454,276,210
458,273,843
453,271,41
455,273,820
456,279,280
456,276,209
455,271,840
458,270,42
457,274,821
457,269,275
456,264,205
458,263,839
455,262,38
455,262,817
458,264,276
456,267,202
457,265,834
458,271,42
456,270,819
457,274,278
459,269,202
458,272,835
458,276,44
457,280,823
459,283,280
455,280,206
457,284,849
457,281,46
457,294,827
455,298,289
458,294,209
458,296,849
454,293,49
452,304,830
455,306,293
455,305,213
455,309,853
457,309,421
455,310,832
457,311,294
454,312,209
456,321,853
452,329,62
455,331,838
458,338,302
454,340,220
455,353,862
457,361,73
457,370,852
459,381,314
458,381,237
460,389,884
458,392,84
456,401,864
459,403,321
457,416,249
455,429,893
458,433,100
456,438,876
455,449,342
459,448,258
457,443,895
455,443,103
455,445,877
456,459,347
451,463,261
452,461,900
453,457,109
454,455,881
454,451,343
454,465,260
453,454,896
455,455,107
454,458,882
457,468,346
454,475,263
451,478,912
450,473,113
452,475,887
452,475,349
449,475,265
453,474,906
455,472,113
452,477,888
452,479,354
451,473,262
453,470,901
454,463,110
455,455,880
454,464,349
451,469,263
454,487,907
454,499,123
450,515,902
452,528,368
452,538,285
454,535,926
455,529,134
451,525,905
452,534,370
450,545,288
453,549,936
452,550,141
452,562,917
453,569,384
448,580,301
449,581,943
453,587,155
453,593,927
453,588,394
448,598,304
450,598,944
449,597,158
453,600,929
450,602,399
450,602,306
449,602,947
449,585,155
453,578,922
455,574,384
455,571,295
455,562,935
450,557,144
451,549,913
453,540,374
454,528,277
454,522,927
455,508,127
453,507,898
454,510,366
452,517,276
457,527,923
459,524,132
455,526,904
453,528,377
452,519,274
455,519,917
455,516,130
456,522,903
455,521,372
455,532,279
458,540,926
452,533,135
453,526,905
453,533,372
452,535,279
454,552,934
457,552,142
453,553,915
455,553,381
458,552,282
456,553,936
453,552,142
454,546,912
456,541,377
454,534,280
455,530,928
455,517,130
457,506,897
458,505,368
459,503,265
461,498,911
456,483,118
454,473,887
455,466,357
454,453,250
455,452,895
457,450,107
455,440,875
455,438,342
455,438,246
454,434,895
458,426,98
457,411,865
457,406,333
455,399,231
459,390,881
456,369,77
457,353,847
455,332,310
455,323,201
457,319,855
457,317,59
457,318,835
457,319,304
456,321,203
458,329,854
457,339,67
457,345,843
459,346,319
459,355,214
459,368,867
461,373,79
457,388,859
459,395,330
457,398,227
459,403,886
458,423,96
457,431,873
460,442,350
461,452,246
462,471,908
458,483,118
457,490,892
460,493,369
460,484,256
458,481,909
460,482,119
457,478,890
460,468,362
461,465,250
459,450,896
460,435,102
463,422,870
459,414,342
463,397,224
462,384,871
461,365,75
460,350,845
457,344,315
458,325,198
461,311,857
463,295,51
461,290,826
461,287,303
462,285,186
462,296,848
460,303,54
464,320,835
464,334,319
464,352,205
461,369,872
462,391,86
461,407,865
463,413,347
461,414,230
461,413,883
461,397,88
464,385,858
463,370,330
463,353,204
464,331,853
462,310,57
462,292,826
462,279,299
463,269,173
463,263,838
460,259,39
464,254,814
463,258,296
467,258,173
464,254,833
460,252,37
462,257,815
464,259,294
463,262,172
461,260,834
464,267,42
465,260,816
463,250,290
460,243,165
463,234,823
461,230,29
464,228,804
460,226,283
463,225,157
465,213,813
467,204,19
466,204,797
464,204,274
465,212,150
464,225,827
463,233,30
463,248,811
461,259,295
465,267,172
468,278,840
468,283,48
464,290,826
464,304,315
463,313,184
465,322,853
465,326,62
465,333,840
465,339,329
463,339,190
466,331,853
465,323,61
465,313,833
464,293,309
465,277,172
465,259,829
463,240,32
465,221,803
465,207,277
467,210,147
464,202,819
464,194,17
464,188,791
466,181,278
464,175,131
468,170,804
465,165,7
465,161,782
462,161,271
464,158,126
465,157,797
464,161,5
462,165,784
467,169,273
466,175,134
464,186,807
467,195,17
466,206,797
466,214,285
463,223,151
464,232,822
466,247,34
465,263,817
465,277,307
464,291,173
463,301,851
465,312,58
466,326,837
468,335,329
465,340,189
464,349,860
466,353,72
467,361,848
465,365,347
465,370,198
467,383,872
466,395,87
465,411,866
464,430,365
466,451,225
466,471,900
463,478,117
467,487,890
464,496,384
465,489,240
464,465,905
468,446,105
467,428,870
465,401,353
467,375,195
471,356,868
467,345,69
466,345,843
466,347,336
464,340,186
466,334,859
463,328,63
465,331,838
467,333,853
465,340,139
467,352,862
465,364,76
466,386,857
461,406,361
465,439,217
470,471,901
465,487,120
464,516,901
468,535,400
466,556,257
466,568,941
466,580,153
464,593,927
464,592,426
466,595,271
465,610,954
464,626,169
467,640,942
467,637,440
463,638,283
464,648,965
462,660,182
465,682,957
464,697,470
465,705,303
465,716,983
463,721,203
463,726,971
463,735,476
464,742,317
466,751,992
467,750,213
465,759,981
464,764,486
466,769,325
465,788,1013
464,796,229
462,802,997
464,807,506
463,801,335
463,812,1021
462,802,231
463,808,998
464,807,506
463,800,336
465,812,1015
464,800,230
464,807,998
463,805,501
462,799,335
464,809,1016
461,798,229
461,805,997
466,803,505
463,797,332
465,808,1012
465,796,228
462,804,997
461,801,498
460,795,335
462,806,1021
464,795,229
462,803,997
461,800,501
462,795,333
468,806,1018
466,795,228
467,803,996
466,801,506
465,795,334
465,806,1016
465,794,228
464,803,997
466,801,502
462,795,335
465,806,1011
466,795,229
463,803,997
465,801,500
464,795,335
468,806,1013
467,795,228
462,803,996
464,800,503
464,795,332
469,807,1020
465,795,228
468,803,997
469,802,505
464,795,333
465,807,1016
464,796,228
464,804,997
466,802,510
464,797,331
465,808,1014
465,797,229
466,805,997
463,803,508
462,798,334
467,807,1016
466,797,230
468,806,997
468,804,504
464,797,329
467,808,1014
464,798,230
467,807,997
465,807,509
462,799,329
465,811,1020
466,799,229
466,807,999
467,804,509
467,799,329
468,809,1016
467,799,229
468,807,998
465,805,518
468,798,326
468,811,1013
467,799,229
463,807,998
462,804,517
463,798,331
468,810,1013
465,799,231
465,806,997
464,804,509
466,799,331
467,810,1017
468,799,229
467,807,997
467,805,515
468,798,331
467,811,1020
465,799,230
466,806,998
465,805,511
467,798,330
470,809,1019
468,799,229
467,806,998
467,805,513
465,798,328
469,811,1014
467,799,229
467,806,998
467,804,519
467,798,327
467,809,1016
468,799,230
469,806,998
469,805,511
468,799,327
466,811,1020
466,800,229
469,807,998
468,805,514
467,799,326
468,811,1016
470,800,231
468,809,999
469,808,521
468,801,325
468,813,1014
467,802,232
469,798,996
470,781,516
468,775,320
469,774,1001
466,754,215
470,738,974
467,735,495
470,727,301
473,718,981
474,706,196
471,698,961
469,695,481
465,679,284
467,674,973
468,674,186
468,667,951
467,659,471
467,658,275
469,656,967
470,656,179
470,664,951
468,668,474
465,665,274
465,667,967
467,664,183
468,668,952
466,672,477
469,673,276
470,670,969
466,671,185
464,677,955
462,682,479
465,672,275
469,668,965
467,655,179
465,657,948
466,655,467
463,645,265
464,643,964
466,646,176
466,650,945
465,651,467
465,647,272
465,630,956
466,628,170
470,625,936
466,613,458
464,610,253
464,606,946
463,599,159
466,593,926
463,591,453
466,581,245
462,573,935
464,567,149
465,567,917
465,562,442
463,564,238
464,563,932
465,554,143
464,552,912
464,543,435
467,541,230
464,529,926
464,514,130
463,523,902
462,519,429
465,509,218
465,511,915
463,503,126
464,502,895
464,493,420
465,486,208
465,483,903
463,475,116
465,483,888
465,483,419
465,478,207
468,470,899
465,462,111
464,454,879
464,456,402
464,445,193
463,441,896
466,430,99
467,421,868
466,414,397
461,404,178
463,400,881
465,398,88
467,388,856
467,390,386
465,391,176
461,383,874
464,368,78
465,372,852
463,373,383
466,375,168
467,365,865
466,355,72
464,358,846
464,349,376
464,348,161
465,352,859
466,348,70
467,339,840
466,344,368
462,332,153
464,338,860
465,337,66
467,336,840
465,328,366
465,329,154
466,337,858
464,342,67
463,336,840
464,347,381
465,354,157
466,362,863
464,366,77
463,366,849
465,366,388
462,366,161
462,367,864
465,365,76
463,368,850
460,369,390
462,364,162
466,362,864
462,356,73
466,361,848
463,356,380
