464,475,329
472,464,875
466,474,230
469,463,814
458,460,190
469,461,566
463,443,616
465,466,179
467,465,782
458,468,151
470,468,566
464,452,604
462,467,183
467,456,775
455,463,135
470,470,577
461,453,592
463,465,185
469,458,779
458,460,131
471,466,585
465,450,579
464,471,191
466,465,783
460,468,130
468,474,604
461,455,572
465,473,200
469,456,787
462,448,119
473,455,608
464,445,553
464,464,195
470,453,782
462,460,122
474,470,627
464,459,552
463,480,214
469,471,798
462,473,127
471,481,643
463,453,538
467,462,211
470,459,793
458,459,122
473,461,650
467,440,519
464,453,207
467,450,787
460,457,120
470,465,660
463,447,509
466,460,222
468,443,787
461,446,119
472,451,645
462,448,500
465,459,223
468,448,770
458,455,118
468,459,661
464,445,485
464,460,226
470,451,771
462,456,117
469,457,679
467,439,472
465,450,231
470,439,770
460,443,114
472,451,693
464,436,466
467,450,246
469,448,777
459,448,115
473,450,709
461,440,459
464,461,264
468,456,785
464,457,118
470,459,728
461,446,457
467,452,276
468,431,772
461,437,110
469,446,735
463,444,449
466,460,287
468,445,782
459,450,115
471,449,745
462,447,445
466,453,298
468,441,780
462,443,112
469,445,749
462,425,434
464,444,307
468,434,777
461,445,113
472,442,760
463,433,432
466,454,326
470,457,792
461,452,114
468,457,773
462,449,427
463,460,341
467,453,793
462,454,116
470,451,776
461,441,416
464,455,352
467,450,788
462,455,116
470,464,785
463,460,416
467,467,373
469,459,793
458,463,119
469,459,790
462,449,405
467,461,386
467,446,784
458,452,114
471,466,804
459,449,396
466,452,394
470,443,778
463,457,117
469,464,810
461,447,388
466,460,411
466,449,779
460,452,115
470,450,814
462,441,377
468,447,419
469,434,769
462,432,107
468,442,821
464,431,370
461,437,425
468,425,761
462,434,108
474,439,834
462,426,358
469,447,437
468,446,770
461,450,114
470,461,850
463,452,359
466,459,453
471,436,768
463,436,109
470,433,851
465,425,343
468,437,452
472,430,759
461,432,107
469,438,864
464,433,338
468,441,458
470,427,756
463,430,105
471,435,866
462,435,326
470,453,468
470,438,757
461,437,108
470,435,868
464,425,318
470,435,465
472,431,749
464,423,102
471,424,866
467,423,311
469,435,472
470,425,748
464,422,102
471,420,863
464,406,300
468,418,476
467,405,745
462,404,95
472,407,861
462,395,293
469,408,478
469,398,743
461,403,94
471,407,861
465,402,297
470,409,486
469,394,742
465,390,88
472,383,853
464,379,272
467,385,487
471,379,732
462,383,85
474,389,856
464,387,266
466,399,497
471,384,740
465,390,85
469,397,859
464,394,260
465,407,506
472,401,744
462,405,89
469,411,865
462,400,255
469,410,513
468,400,744
463,405,90
469,412,865
463,415,252
468,427,526
468,416,740
465,425,97
472,425,870
465,417,241
465,439,533
466,434,749
463,446,105
468,448,878
464,441,244
467,448,544
469,432,745
465,442,103
475,440,876
465,435,238
469,452,552
470,444,749
465,450,106
473,455,880
463,458,238
466,462,559
466,455,736
465,464,111
471,461,883
463,458,231
467,470,570
467,463,735
465,469,112
473,469,885
463,462,232
469,476,579
467,471,732
461,477,115
468,468,885
464,460,225
466,465,584
467,450,710
463,468,112
468,464,885
460,465,223
466,465,591
465,458,701
463,465,113
471,462,884
465,466,218
468,480,604
469,473,705
463,476,127
463,473,888
462,469,211
469,477,610
467,469,691
460,466,128
467,466,885
460,459,201
467,471,615
463,463,679
461,468,132
468,467,885
460,470,196
466,483,628
466,484,675
463,489,141
467,492,893
462,481,182
468,489,637
466,476,667
463,479,140
468,480,890
465,482,173
468,491,644
463,485,672
460,489,146
470,486,889
461,478,158
469,484,653
466,481,664
461,485,143
468,480,890
460,477,148
467,483,662
466,482,659
462,484,138
469,485,891
460,483,137
466,490,666
465,471,650
467,479,144
470,477,890
461,470,127
469,479,674
466,470,649
466,479,143
470,473,889
459,464,129
470,468,673
465,460,638
464,477,145
468,480,891
467,463,539
465,473,685
467,461,625
464,468,134
467,461,886
466,452,120
469,454,683
462,443,605
459,456,134
469,452,883
461,454,121
465,452,687
463,444,603
465,453,131
467,456,886
462,457,121
469,465,699
468,455,595
466,459,136
469,470,891
459,470,125
469,472,709
463,459,583
463,468,139
467,471,892
463,469,125
469,475,716
465,472,579
465,478,143
465,472,895
459,470,124
468,474,723
466,469,572
463,472,146
465,465,892
460,456,118
466,467,729
463,460,558
461,474,155
468,475,896
461,483,128
467,486,747
462,474,556
460,484,152
465,476,897
463,472,123
467,478,748
464,481,549
464,493,167
465,490,901
459,494,131
468,500,761
466,495,551
459,494,166
467,484,898
460,484,127
463,492,766
462,486,538
461,485,172
465,480,897
460,482,126
465,487,773
462,487,528
463,495,172
463,489,901
460,481,125
462,481,776
463,483,526
460,490,183
463,492,902
457,485,128
462,495,784
462,482,507
461,486,191
464,489,902
459,493,130
465,497,788
463,493,501
462,502,209
458,488,135
464,493,788
460,483,488
462,496,217
465,488,904
459,487,128
465,489,794
462,494,472
458,507,229
463,505,911
462,501,132
466,500,805
463,495,458
460,503,240
466,503,908
458,489,127
465,487,805
462,477,441
463,492,247
466,494,904
459,487,127
465,485,817
464,475,422
463,487,256
466,481,901
458,484,127
464,490,827
464,487,414
465,485,254
468,475,898
459,482,125
464,492,836
462,483,400
459,482,263
464,471,895
461,471,121
467,479,844
460,482,386
464,493,275
464,494,901
461,489,128
462,490,859
457,479,375
462,485,280
467,481,899
461,477,123
465,478,864
462,466,364
461,471,272
464,469,893
460,469,120
465,474,873
464,469,349
463,480,287
467,472,895
461,475,122
467,490,881
460,483,351
468,490,300
467,486,900
458,489,127
463,486,885
460,480,337
462,495,312
464,504,908
460,489,126
464,488,885
459,488,342
464,499,320
465,489,902
460,494,127
465,496,888
460,493,337
460,493,329
465,494,902
462,492,126
465,503,891
461,505,334
460,503,346
462,491,903
458,496,127
465,492,889
464,489,323
463,497,356
466,485,904
459,491,125
467,496,891
463,491,316
460,494,367
465,486,901
462,482,122
460,488,888
463,477,303
466,494,375
465,499,908
464,497,125
465,495,891
465,484,296
462,489,386
465,480,906
462,488,122
467,489,890
461,484,285
464,491,396
466,485,908
461,482,118
466,483,888
463,480,279
463,487,402
464,493,908
460,502,125
463,500,894
463,488,274
462,493,410
465,481,902
462,480,117
468,480,888
461,474,262
462,483,418
466,478,899
460,482,118
465,486,890
463,485,257
461,487,425
468,481,910
460,476,116
466,474,887
461,472,247
464,479,436
465,463,899
464,468,112
465,474,887
462,470,241
466,487,442
465,488,898
460,486,119
466,480,888
459,484,242
464,497,458
464,497,896
461,498,123
463,493,893
461,490,238
466,489,470
464,482,884
462,489,118
468,501,897
464,499,239
461,500,486
464,493,877
459,491,117
466,486,890
462,480,228
465,489,495
466,473,856
462,471,110
466,472,887
461,481,224
465,483,506
466,471,846
463,477,113
469,470,886
464,461,208
465,470,517
466,476,844
464,477,113
469,476,888
464,477,204
464,487,536
466,481,832
464,479,115
465,476,888
464,483,200
463,478,541
466,474,822
464,472,112
467,470,887
462,457,177
464,469,555
467,471,811
464,478,115
465,483,891
465,481,172
464,478,570
464,474,807
460,476,117
467,475,888
465,476,162
464,483,584
465,473,801
462,473,116
465,464,887
464,460,140
465,464,601
466,459,793
461,460,104
466,464,886
464,469,141
467,467,608
465,460,785
466,462,108
469,467,885
464,468,132
466,462,617
465,458,782
465,457,106
465,462,886
463,453,126
466,463,640
468,470,775
463,476,116
468,472,889
466,462,127
464,466,641
464,459,759
466,465,112
469,477,891
464,476,130
464,466,654
463,466,751
462,476,111
468,474,891
461,466,124
464,477,665
467,474,741
462,477,111
464,481,893
464,481,130
467,484,674
464,472,732
464,472,111
464,468,891
464,471,126
466,472,689
462,464,716
466,466,105
467,467,566
461,459,120
464,463,699
463,458,707
461,457,100
467,469,892
464,466,123
464,467,715
462,466,696
461,475,112
467,462,891
461,453,117
467,466,724
463,457,685
461,463,107
463,452,889
463,449,115
465,461,731
461,449,673
462,457,106
464,457,891
463,454,118
465,461,740
467,463,669
464,462,98
464,465,893
462,459,118
463,470,747
466,470,663
464,469,106
462,469,895
462,470,122
466,464,753
464,460,651
465,462,106
467,465,893
464,449,114
463,455,758
463,456,636
464,461,107
467,467,894
466,472,122
464,469,770
462,473,633
465,477,102
465,472,896
464,466,120
468,464,772
464,459,619
462,467,104
462,462,893
463,465,119
468,467,772
465,473,617
463,471,106
465,467,895
464,468,120
464,474,780
467,475,602
461,475,108
464,477,900
462,478,124
466,479,786
464,481,591
464,485,104
466,476,901
463,475,123
466,472,786
466,464,568
461,465,101
464,467,897
461,460,117
464,454,788
467,464,556
464,465,113
467,466,896
463,468,121
464,473,805
466,475,546
462,467,130
465,470,898
464,465,119
466,462,811
464,458,528
462,468,133
468,466,896
463,468,121
464,478,825
464,472,526
464,470,145
468,472,897
462,465,120
463,464,833
464,468,505
464,473,154
466,467,894
462,478,124
466,479,846
464,471,493
464,466,161
467,466,893
464,470,121
468,468,856
463,471,481
462,481,176
464,476,897
460,470,120
465,475,869
465,468,462
470,474,174
466,480,897
462,477,123
466,480,876
461,479,453
460,479,185
466,483,898
464,476,123
468,471,879
463,463,431
463,464,190
466,461,896
464,459,116
467,469,880
463,470,427
462,472,205
466,474,898
464,477,122
466,465,878
462,469,410
467,472,211
464,460,892
461,454,113
467,465,880
463,465,405
466,460,225
465,467,895
465,464,116
464,468,880
463,459,391
464,460,234
467,464,898
463,457,113
468,461,879
466,461,389
465,461,252
467,461,896
462,461,115
465,470,882
465,467,373
463,463,258
465,469,898
461,470,117
466,469,882
465,472,361
462,470,275
465,464,895
460,469,114
467,473,884
465,461,337
460,465,284
463,465,899
465,467,112
468,467,882
464,455,329
465,452,288
463,446,895
464,448,106
465,463,882
460,461,313
463,470,302
465,468,906
463,465,112
465,468,885
460,463,298
461,461,309
465,453,892
462,455,108
465,462,883
461,463,282
463,468,323
465,462,896
462,459,109
464,464,883
460,464,268
464,466,332
466,459,900
463,454,108
463,461,882
462,452,257
463,450,334
466,445,893
462,445,105
468,449,879
465,452,244
464,453,346
465,449,895
461,443,104
463,440,876
461,443,232
462,447,353
466,445,892
464,451,106
465,455,881
460,459,233
467,459,377
467,454,902
466,461,108
465,464,884
460,464,230
466,464,393
463,464,905
465,468,110
464,467,885
462,464,225
466,472,410
464,476,906
462,479,113
463,477,888
462,475,226
460,473,421
469,466,902
465,468,109
468,462,883
463,467,212
462,473,438
465,471,905
462,471,111
464,473,888
463,470,206
464,468,445
463,471,905
463,471,111
466,468,886
463,458,195
465,463,457
463,470,901
461,461,107
464,468,886
463,461,183
465,463,469
464,464,886
462,465,111
463,463,885
463,462,169
465,461,480
463,464,883
462,458,111
463,462,884
463,463,161
465,466,493
464,463,878
463,463,111
466,466,886
462,465,154
466,461,510
467,470,874
464,459,105
463,464,886
458,470,146
464,471,524
465,470,867
460,471,109
464,472,891
465,478,138
468,484,546
464,485,863
463,476,114
466,479,890
464,476,130
463,470,553
463,469,857
464,462,110
466,463,885
465,465,122
467,475,563
468,481,849
465,474,116
464,468,889
466,469,128
466,476,579
463,469,833
462,463,105
464,465,888
464,472,127
464,482,587
464,483,821
462,480,115
465,485,893
464,485,133
465,485,595
465,480,815
462,481,117
462,467,888
464,471,126
464,472,600
462,454,791
463,461,108
464,466,890
463,467,123
463,476,599
467,472,786
463,467,106
467,467,891
462,461,121
464,464,599
466,465,773
462,466,105
463,461,888
462,468,124
465,481,628
466,477,771
461,471,109
464,468,894
464,472,125
462,470,651
463,469,888
461,464,109
464,465,894
464,467,121
465,461,666
464,461,744
463,462,106
463,473,895
462,463,121
463,463,678
462,467,737
463,468,101
465,459,891
465,463,120
467,468,690
465,465,730
463,465,102
466,473,896
465,473,123
465,475,699
465,469,722
464,468,110
466,466,894
464,454,117
465,454,708
464,451,706
462,441,102
465,447,887
466,446,113
464,455,720
463,456,696
463,453,96
463,451,888
466,460,118
467,465,724
466,464,695
462,458,101
465,456,891
463,460,118
464,464,730
466,462,688
462,469,108
466,464,895
463,461,118
466,460,740
468,459,671
465,462,103
466,470,897
461,468,120
463,468,751
469,470,663
462,466,97
466,463,895
465,460,117
464,457,756
463,462,650
461,466,100
465,463,896
464,460,117
466,463,765
463,459,632
463,465,102
466,464,897
462,459,117
468,467,780
466,469,622
462,461,101
466,458,894
462,458,117
466,464,795
467,462,608
464,469,102
465,474,898
466,473,123
466,469,803
462,468,602
460,467,102
464,463,895
464,463,118
467,470,812
465,472,587
464,467,102
467,464,895
466,469,121
461,473,824
463,465,575
465,458,103
465,470,897
462,458,117
466,472,836
463,473,563
462,467,109
467,472,896
463,467,119
466,468,840
468,470,552
463,470,103
466,475,895
463,472,122
468,466,846
463,453,534
466,456,104
465,462,892
462,455,115
469,470,854
463,472,525
464,477,114
466,476,898
465,470,120
466,470,864
466,474,505
464,467,140
464,462,893
463,472,121
467,473,877
467,463,488
462,465,134
462,466,893
463,459,116
467,459,877
464,459,480
463,463,140
466,460,891
467,463,118
464,470,880
465,471,471
460,475,156
463,474,897
464,467,118
466,465,880
463,467,465
461,472,158
466,468,895
465,462,116
465,461,876
464,469,458
461,466,170
463,466,894
461,466,117
464,464,879
463,464,449
461,465,183
465,467,894
463,465,117
465,464,880
463,464,437
460,475,198
461,473,900
466,474,120
465,474,883
462,466,430
463,467,205
465,472,898
463,470,118
461,467,881
462,470,423
464,472,215
464,471,898
462,465,115
464,472,885
461,472,433
464,478,228
467,475,898
462,466,115
463,463,881
465,464,412
462,468,238
465,466,899
464,470,116
464,476,886
466,476,405
463,475,244
465,473,903
462,477,115
463,476,886
461,475,382
464,483,255
464,478,905
463,477,116
466,471,885
466,471,367
462,470,261
462,477,903
463,479,116
465,490,890
462,488,353
463,481,273
467,468,899
463,469,113
466,467,884
463,458,335
462,473,279
463,481,904
463,470,113
464,467,884
462,459,324
462,456,283
465,460,905
465,454,108
465,456,882
465,457,318
461,448,287
467,449,896
464,460,110
464,468,886
464,467,306
464,468,304
465,471,901
463,465,112
465,458,882
461,456,297
464,460,308
466,466,903
463,462,110
465,458,882
461,457,293
461,460,316
464,452,905
465,457,109
464,464,884
463,457,288
463,459,324
464,458,899
464,449,104
464,446,879
463,453,276
464,457,339
463,462,899
462,460,108
467,460,884
464,464,278
464,461,352
465,461,905
461,461,107
468,470,886
462,475,277
462,476,371
463,472,901
460,475,112
465,480,889
461,482,270
464,472,380
466,472,903
463,477,112
466,474,889
462,473,250
462,478,394
466,484,903
462,481,113
463,478,889
461,467,225
464,465,399
464,471,906
463,467,110
462,465,885
464,465,213
463,467,412
466,471,900
464,473,111
464,465,884
461,460,192
464,475,419
463,481,904
463,480,114
462,480,889
465,471,183
462,468,431
463,479,908
463,475,113
464,475,888
461,475,174
464,472,448
467,475,904
463,471,114
464,469,886
465,470,167
464,478,461
462,479,906
463,474,117
465,475,889
466,473,158
466,481,470
465,475,902
463,472,112
463,470,887
463,472,150
459,476,484
464,473,898
467,467,111
465,476,890
466,481,141
466,489,501
466,479,904
461,479,116
464,477,889
461,477,137
463,475,504
463,467,893
462,473,114
467,479,891
461,471,129
464,479,520
468,481,894
464,477,113
467,471,888
464,473,130
461,466,524
466,477,883
465,476,113
465,475,890
463,476,131
465,477,533
463,475,880
465,472,115
467,471,889
462,473,130
465,477,113
465,473,864
463,475,113
461,480,892
463,476,131
464,470,550
465,470,852
465,469,106
464,464,888
466,462,122
465,472,557
466,477,856
461,474,113
462,470,890
462,463,123
463,459,560
465,461,837
463,462,109
466,459,888
463,449,118
466,458,557
465,462,825
462,463,108
460,463,888
460,457,120
466,460,559
464,464,819
464,455,100
464,452,885
465,446,116
465,446,557
465,441,807
462,450,100
466,453,887
465,453,118
462,462,599
464,461,801
462,451,105
463,457,890
464,463,121
461,458,607
462,466,793
464,473,111
466,470,894
464,460,120
464,459,626
464,469,785
462,464,102
463,467,895
465,463,121
467,463,633
465,463,776
464,464,102
462,467,893
462,465,120
464,460,645
467,455,762
464,449,99
465,452,890
463,447,114
462,445,648
464,444,752
463,451,101
464,459,891
467,456,116
464,454,664
465,453,748
462,449,96
466,448,888
464,444,113
467,445,671
468,449,738
461,446,96
467,445,886
464,452,116
464,456,680
463,464,736
462,458,104
467,453,889
462,448,114
464,455,688
464,459,723
464,460,103
467,460,892
466,461,117
464,456,701
466,453,717
465,448,94
467,453,890
465,458,117
465,456,699
465,457,708
462,464,102
463,470,896
465,466,119
468,463,709
465,468,700
465,473,105
468,470,897
467,462,119
467,458,712
464,465,691
462,467,104
468,478,901
464,469,121
466,470,723
466,473,676
464,473,104
465,470,900
466,470,121
466,473,733
464,470,666
459,471,104
469,468,898
468,466,120
465,473,737
464,472,653
462,465,100
463,471,899
466,479,124
465,473,752
463,467,636
463,461,102
469,460,895
464,464,119
464,467,762
465,463,627
464,465,106
464,460,894
465,467,121
468,463,775
466,464,616
466,461,100
466,471,896
463,470,121
464,475,795
464,479,609
464,472,104
468,465,896
465,474,122
466,473,816
463,472,594
464,471,108
465,470,895
464,467,120
465,478,833
467,489,593
465,480,112
466,481,897
465,478,123
463,477,851
463,469,569
462,463,101
464,476,895
465,479,124
465,482,857
464,472,556
464,475,106
465,477,900
464,475,122
462,476,867
464,480,542
462,484,112
466,480,901
466,480,124
463,485,880
465,484,528
463,479,113
464,482,898
464,472,120
463,469,875
464,469,508
462,470,109
464,479,897
463,477,122
464,477,881
465,482,511
466,483,125
466,487,899
462,487,126
465,491,888
463,489,499
463,486,137
462,492,906
463,490,126
463,483,884
462,480,488
464,479,149
463,482,898
464,482,123
466,486,884
463,480,480
465,484,157
467,482,898
463,474,119
465,476,883
463,480,473
462,482,164
465,481,898
464,485,123
465,487,887
465,488,460
465,490,184
465,481,902
466,485,123
466,473,883
465,472,452
465,472,186
467,468,895
464,466,116
467,469,882
466,471,444
462,468,190
464,459,895
464,455,112
466,456,878
465,456,425
461,460,201
465,473,897
465,470,115
462,465,882
467,459,410
462,457,209
466,460,900
466,459,109
464,455,880
463,452,398
463,448,212
465,453,895
465,444,103
466,447,876
466,455,387
466,452,222
467,455,896
460,453,109
462,449,878
467,454,374
464,461,235
465,462,901
465,460,109
467,463,882
465,463,361
461,462,244
465,455,900
464,458,109
464,457,881
466,461,353
461,472,260
467,472,902
464,467,113
465,464,884
466,465,342
465,463,265
465,467,898
464,462,110
466,456,881
462,459,332
462,461,278
463,461,895
464,469,113
462,471,886
464,466,321
463,464,284
465,469,908
464,472,114
462,477,888
464,475,318
463,475,301
466,482,909
465,476,114
464,464,884
461,453,307
465,453,300
466,454,896
463,459,107
465,468,886
462,475,309
463,477,324
466,471,900
465,471,111
462,470,886
467,475,299
462,479,339
463,469,905
462,465,106
464,465,884
462,467,293
464,468,349
466,469,904
463,472,110
465,473,887
466,473,292
465,479,364
464,481,905
460,480,114
460,478,889
463,475,268
465,480,381
465,482,912
464,471,112
463,476,888
462,481,253
461,479,386
464,481,912
464,477,114
465,469,886
462,466,237
460,466,395
464,459,896
463,463,109
464,463,885
463,460,220
461,472,410
464,473,902
461,468,111
463,472,528
461,473,191
459,470,425
462,470,906
460,463,111
464,458,883
464,464,168
463,463,434
465,463,900
464,464,113
465,464,885
463,457,156
462,453,450
465,463,902
462,468,110
464,471,888
463,467,146
461,464,460
463,463,899
462,461,108
464,464,885
466,467,133
466,470,478
465,462,904
461,459,108
464,453,882
465,454,125
465,456,486
466,454,898
462,459,110
463,465,887
462,464,126
466,467,503
462,460,897
462,465,107
466,469,888
463,465,127
466,463,513
468,460,888
461,468,111
467,478,891
465,472,126
464,471,523
464,472,889
462,470,114
464,474,891
463,476,130
467,471,531
463,470,874
462,458,110
463,459,886
462,458,122
463,461,537
464,457,854
467,461,103
469,466,889
465,467,125
464,472,551
464,469,844
463,468,105
467,464,889
463,467,124
463,463,545
463,468,840
464,470,110
464,476,894
461,468,124
464,468,575
465,468,828
463,470,110
464,460,891
463,460,120
462,465,586
466,470,815
462,462,108
465,466,893
462,469,124
461,467,591
463,472,810
464,466,104
461,462,893
459,461,120
461,462,609
463,462,791
460,455,101
462,463,892
462,461,119
461,463,627
464,462,786
463,462,105
461,466,893
464,469,122
460,465,641
462,470,775
460,464,101
460,465,894
461,471,122
464,466,657
461,465,765
459,462,102
459,459,891
461,457,117
464,456,662
463,461,752
460,455,103
461,457,891
460,451,114
461,446,666
462,440,740
462,436,96
459,433,883
460,432,108
459,432,672
459,425,724
460,418,90
460,416,878
460,410,101
464,407,669
458,396,706
459,403,78
459,407,875
461,408,99
462,402,673
459,393,692
458,388,74
458,382,867
462,385,91
461,383,672
463,386,675
460,392,79
460,384,870
458,382,89
463,382,677
459,383,662
462,380,74
460,377,868
463,376,87
463,378,685
464,369,637
462,362,58
460,367,865
458,370,85
462,376,695
463,374,628
461,375,69
463,375,867
460,371,85
462,364,698
456,369,614
457,369,69
463,361,861
463,361,81
461,364,722
461,367,602
457,364,69
458,370,864
458,361,82
461,365,732
459,362,591
463,360,65
462,363,861
460,361,82
458,357,746
461,357,574
459,355,64
460,357,858
459,356,80
461,362,767
458,361,559
456,358,67
459,360,858
462,357,81
460,358,793
459,361,547
462,362,70
460,363,858
460,357,80
461,364,818
460,370,535
462,366,63
459,364,861
462,359,80
461,359,824
461,358,519
462,352,63
463,351,854
460,350,77
456,349,828
454,360,502
459,368,69
462,366,863
462,355,79
459,354,838
462,361,491
462,363,67
460,365,862
460,365,82
463,370,842
461,369,474
461,370,66
462,375,863
458,376,85
458,373,847
460,373,469
462,374,81
463,385,868
460,381,87
461,381,850
463,390,464
459,397,99
461,404,877
460,399,93
463,408,860
461,409,475
461,411,121
463,414,880
462,408,95
461,409,860
460,411,461
460,411,135
461,417,880
461,408,96
461,412,863
462,413,448
464,417,149
463,422,881
461,434,104
464,439,872
464,441,445
467,438,169
462,443,893
460,448,109
461,450,877
459,452,436
460,450,185
464,461,898
459,453,109
466,455,879
465,459,445
462,456,195
460,456,897
460,457,109
461,462,881
463,460,415
464,455,209
462,449,891
460,454,108
461,459,880
461,460,391
466,461,221
463,463,898
463,466,112
465,470,884
463,463,384
465,455,229
462,470,904
462,483,118
464,493,892
458,499,385
464,492,248
465,490,911
460,495,123
462,493,892
463,490,373
464,490,258
466,498,911
463,491,121
461,485,889
458,484,354
464,486,266
461,496,912
464,493,123
464,499,895
463,490,352
463,484,276
465,487,911
463,505,126
463,505,897
464,499,346
464,500,292
465,510,916
464,520,130
463,518,901
464,518,347
464,528,308
463,532,924
462,535,135
464,534,908
465,533,343
464,523,325
465,518,921
465,514,127
465,517,902
464,514,330
464,520,336
466,518,923
464,524,129
466,523,904
463,524,328
466,526,353
464,527,928
461,530,131
466,534,909
465,529,320
463,530,369
462,531,921
459,528,131
463,525,905
465,528,306
462,538,383
464,541,927
462,543,137
462,541,910
463,533,291
465,540,399
464,537,929
463,532,133
462,537,908
464,541,929
465,541,416
464,545,932
466,548,138
467,549,914
463,546,262
465,550,427
468,552,929
464,557,142
464,559,916
464,549,235
465,541,437
464,544,926
462,548,141
463,548,913
466,552,219
461,553,460
464,550,932
462,550,144
464,547,913
462,549,197
465,555,478
463,557,936
462,553,140
466,556,916
470,563,181
465,565,492
466,562,934
465,567,145
465,579,925
463,582,173
466,591,514
465,592,944
466,595,158
465,609,936
465,613,184
464,614,531
465,620,957
464,622,169
468,623,940
467,626,185
467,635,557
469,634,958
464,635,174
465,641,946
468,635,188
466,639,563
469,649,957
465,650,175
466,656,951
466,663,193
464,669,582
469,672,950
465,671,183
465,671,957
469,680,201
469,685,600
469,694,947
469,694,192
469,698,967
466,693,204
466,694,605
467,705,937
466,709,198
472,710,971
464,702,208
466,702,631
465,705,925
465,693,187
467,686,965
467,681,199
469,679,609
471,683,908
468,687,187
470,685,963
467,675,196
463,680,648
463,682,896
466,674,182
467,675,962
466,671,194
465,665,655
470,660,879
467,670,178
467,671,963
467,672,195
468,672,675
468,670,872
464,669,173
464,667,961
465,662,191
466,649,677
466,650,862
465,648,169
465,643,953
463,640,182
464,623,684
467,615,835
464,603,155
466,604,940
466,596,168
467,598,688
463,601,824
464,604,159
466,604,940
466,592,165
466,600,701
466,600,811
466,603,148
466,600,938
467,592,165
463,586,705
464,587,794
462,585,145
465,586,935
464,585,162
465,580,711
463,574,783
465,575,144
467,567,929
466,568,155
461,574,718
460,566,770
459,573,144
463,584,936
465,580,161
465,580,731
465,575,761
465,571,133
469,567,930
467,561,153
463,560,728
464,565,745
462,565,135
465,570,933
465,568,156
465,569,737
465,566,730
465,554,134
464,555,928
463,550,150
468,548,733
467,542,705
464,541,132
468,544,925
467,548,149
468,548,745
465,548,699
465,547,126
468,550,925
467,540,146
466,529,750
464,533,677
467,525,122
469,521,916
465,519,139
467,524,761
465,529,662
465,520,126
467,518,914
464,512,136
466,514,776
469,510,643
467,503,120
465,493,905
464,488,128
470,496,785
469,493,627
467,494,110
465,499,905
467,492,129
469,484,809
467,484,612
470,487,111
467,486,899
468,476,123
466,471,823
469,470,589
462,457,103
468,449,886
467,456,116
466,462,837
465,462,576
468,457,102
467,461,892
467,455,115
467,444,858
466,436,552
465,440,90
466,445,885
468,442,110
466,428,858
468,423,537
471,434,90
467,438,884
468,429,105
467,429,863
464,432,529
469,424,89
468,424,883
464,430,106
467,426,864
463,424,513
466,430,90
469,427,882
467,419,101
465,418,864
468,417,499
465,419,85
466,415,877
465,418,100
466,416,864
468,420,491
463,411,98
468,409,877
464,409,97
466,404,859
467,397,473
464,404,107
464,399,874
467,400,93
465,394,857
466,399,467
463,395,119
465,397,875
466,390,90
466,394,857
468,390,454
465,391,129
467,394,874
468,398,92
464,408,862
466,409,465
465,407,148
469,406,877
467,402,92
469,400,860
467,396,444
464,398,153
464,402,880
464,408,95
466,408,863
465,402,430
469,405,169
468,401,879
467,399,89
467,401,860
467,404,423
465,406,178
468,409,884
468,407,90
467,407,863
466,406,393
464,408,192
467,417,882
467,409,92
464,411,865
464,412,380
465,413,204
468,416,882
469,413,93
466,404,863
469,408,368
466,407,210
468,404,883
468,405,90
468,406,864
466,405,351
466,402,219
465,405,885
467,406,90
467,411,866
464,406,340
464,404,227
465,409,883
464,406,91
467,409,865
467,410,326
468,406,238
469,407,880
465,406,91
465,398,862
464,403,321
467,398,244
470,399,884
467,400,88
469,407,865
465,402,314
465,401,257
464,401,876
463,399,88
462,398,861
463,397,306
464,395,266
467,398,880
467,401,87
468,402,864
463,398,296
463,388,277
463,397,878
462,398,85
462,403,864
462,406,292
463,403,293
465,397,884
464,394,83
467,399,862
465,394,285
461,390,309
464,391,875
463,390,80
462,388,859
462,398,272
462,400,319
465,395,875
463,393,82
464,395,861
464,391,255
464,381,81
465,390,875
459,392,83
463,388,859
464,389,247
464,392,347
466,386,877
462,387,81
463,390,860
464,389,229
461,386,354
459,389,879
460,384,80
465,386,856
463,378,203
462,375,362
462,373,869
463,369,75
461,375,854
461,385,179
461,381,382
462,385,878
462,388,83
462,383,857
463,387,162
463,394,396
462,394,879
462,390,87
462,388,859
460,402,155
463,405,412
462,397,882
460,392,85
461,396,863
462,396,134
462,393,428
462,393,876
459,387,80
461,397,862
463,393,109
466,391,441
461,385,873
460,389,83
464,391,862
463,395,103
463,398,446
465,400,883
465,393,86
463,396,863
460,394,102
461,393,460
463,388,876
459,384,84
461,392,863
461,405,105
461,409,479
462,412,883
463,415,89
462,407,868
462,410,104
459,417,490
460,419,877
461,411,91
465,412,870
464,415,108
463,418,495
461,418,870
459,416,94
465,406,868
463,416,106
462,418,506
464,429,861
461,429,99
461,430,876
464,421,108
464,429,523
462,432,852
462,428,94
462,424,876
462,431,111
462,432,531
466,424,836
465,420,92
465,418,874
461,418,105
459,427,539
462,430,830
462,425,95
462,423,876
462,423,107
462,423,549
463,430,821
461,432,95
461,434,882
462,439,113
464,437,575
464,431,807
463,432,90
463,436,883
462,436,111
464,445,586
466,446,806
463,438,95
464,437,884
464,442,113
464,437,594
464,439,798
465,440,99
463,442,886
466,437,111
464,438,607
466,436,786
461,431,93
461,441,885
460,439,111
465,433,625
467,445,782
465,446,93
462,447,887
464,439,112
462,435,628
465,436,774
461,427,90
463,426,881
466,432,108
465,433,641
464,429,756
465,426,94
467,434,883
466,442,112
467,441,653
464,441,749
464,436,95
465,436,883
464,436,109
465,438,666
466,446,745
464,440,91
467,446,887
463,446,113
462,451,672
462,448,737
465,442,91
464,446,888
464,440,111
462,433,670
466,427,718
464,423,85
462,436,885
463,445,112
463,441,679
464,445,715
461,448,99
463,437,886
461,433,108
466,439,688
467,442,698
462,442,92
465,446,889
466,448,114
466,445,691
467,448,692
464,453,93
463,451,893
463,447,113
465,454,705
465,455,679
467,454,96
467,452,893
466,457,116
467,468,718
466,466,668
465,459,104
466,460,894
467,458,117
467,462,732
468,462,657
463,463,104
467,471,898
465,469,121
466,472,748
464,475,646
467,473,104
467,478,900
466,481,125
464,470,766
465,479,637
465,478,110
466,480,900
463,480,124
466,471,783
466,476,626
462,478,112
464,487,901
467,500,132
465,494,806
465,489,620
467,486,115
468,495,902
466,496,131
466,486,823
467,486,610
464,492,112
465,499,903
466,507,134
468,508,839
469,514,600
469,507,118
467,503,907
469,503,133
470,506,859
464,498,583
465,508,121
468,511,910
469,509,135
471,513,888
470,522,578
465,520,124
467,527,915
466,520,137
464,518,894
469,513,561
468,508,112
466,514,912
469,517,137
467,518,895
468,517,551
467,509,115
468,508,907
469,506,133
470,513,894
468,514,540
463,513,119
466,514,910
466,521,137
467,521,899
468,526,536
468,523,128
469,527,916
467,521,137
467,526,898
466,522,524
465,524,135
467,533,919
466,523,137
466,523,899
465,521,515
465,519,152
471,527,916
466,529,139
466,530,903
469,524,502
468,520,166
466,525,915
466,524,136
468,527,901
469,520,490
469,518,178
467,513,916
465,518,135
466,523,900
465,524,499
463,514,188
469,511,915
464,515,132
465,510,895
463,507,484
463,502,192
467,506,911
467,507,129
465,505,895
467,502,465
462,507,205
467,514,913
467,522,131
467,517,901
467,516,451
464,510,217
466,511,915
468,505,126
468,501,895
466,496,420
463,498,219
463,505,912
464,497,123
466,501,895
465,496,401
464,497,234
466,494,904
465,482,118
464,477,887
465,477,385
464,476,233
465,485,906
463,480,118
464,485,890
462,486,373
462,484,248
461,484,909
463,476,115
466,475,887
465,471,357
464,476,257
463,472,905
464,472,115
464,474,886
466,470,348
463,467,262
462,476,905
462,472,115
463,469,886
461,467,340
461,468,271
464,468,901
464,468,112
464,469,885
464,463,330
462,465,110
463,464,158
464,462,883
463,462,326
465,470,294
464,470,907
464,474,113
464,480,889
463,477,328
461,465,305
463,461,899
467,462,107
466,466,885
465,466,315
461,463,323
466,467,903
464,459,106
464,459,882
464,457,296
462,455,335
465,464,901
464,461,106
465,463,884
462,455,293
463,456,349
466,455,901
465,465,110
465,460,883
461,466,282
461,468,365
464,466,907
466,473,111
465,471,887
465,470,263
462,466,374
465,469,901
467,476,113
465,472,887
465,467,237
464,465,384
462,471,900
461,464,109
466,465,885
465,463,219
468,460,401
466,469,904
466,469,112
467,472,887
465,467,200
462,466,416
466,475,906
462,480,118
464,475,886
464,476,183
466,482,438
465,486,906
462,480,114
467,477,889
464,482,168
464,487,453
466,480,902
466,473,114
467,469,886
462,465,137
461,465,457
464,474,907
464,479,116
464,480,891
464,480,138
464,487,477
466,483,908
467,475,116
464,470,888
466,465,130
463,464,486
465,463,902
464,465,107
467,467,888
467,468,125
467,468,498
468,469,902
464,470,111
464,470,889
465,469,127
464,468,506
465,469,897
463,468,114
466,473,890
465,466,124
467,475,514
466,472,886
464,467,112
467,463,888
468,458,122
466,469,528
468,470,872
464,472,111
464,473,891
465,468,123
468,458,534
467,459,856
467,454,101
466,469,891
466,469,125
469,462,534
469,464,849
466,467,106
465,476,894
468,479,127
467,469,542
468,470,839
468,468,109
469,459,888
466,459,119
464,462,580
467,470,827
466,472,111
467,476,896
468,471,124
465,460,592
466,464,815
466,463,101
465,461,892
463,454,118
468,456,601
467,463,806
465,462,104
465,463,893
464,470,123
466,466,620
469,467,798
466,466,106
467,471,895
466,466,121
465,463,631
466,463,787
464,458,106
465,460,892
466,462,118
465,460,648
467,461,774
466,456,96
467,450,889
466,450,115
464,448,651
467,449,763
464,450,99
467,452,889
464,451,115
466,456,659
465,457,753
463,457,102
464,459,891
465,460,117
466,453,667
468,456,746
465,448,100
464,455,891
466,458,117
465,458,680
463,450,733
462,448,88
464,448,890
464,444,112
463,447,681
463,436,715
464,425,85
468,428,884
464,433,108
464,436,680
464,441,703
466,435,95
467,434,887
467,433,108
466,442,688
464,441,687
463,434,92
465,435,888
461,429,107
460,432,699
465,429,665
463,427,83
464,432,886
464,432,108
466,432,711
465,437,657
463,439,91
466,439,887
465,438,109
465,435,720
464,439,644
464,441,96
465,448,890
463,451,114
466,449,742
465,452,639
464,456,101
463,449,890
462,450,114
464,448,770
467,454,624
465,454,98
467,458,893
468,456,116
464,454,789
465,454,612
465,451,97
466,456,891
462,447,113
465,443,795
463,444,595
464,441,93
465,448,886
464,460,117
465,456,820
463,455,588
463,455,100
464,459,892
462,452,114
462,445,837
464,449,567
465,441,98
465,437,884
463,438,109
462,438,856
465,448,553
463,449,94
462,448,888
464,449,113
466,450,866
462,458,544
462,457,99
464,449,887
460,460,116
461,459,875
464,459,533
461,452,97
462,454,894
460,451,113
462,446,873
461,453,520
463,449,97
462,452,892
462,460,116
462,467,878
459,466,512
460,465,105
462,467,895
460,470,119
461,471,881
464,473,506
461,464,121
462,464,893
460,455,113
461,456,876
460,462,494
460,461,134
463,462,897
462,467,117
464,464,882
463,467,493
459,468,153
461,467,898
462,456,113
463,451,876
460,452,484
460,453,154
459,456,894
460,465,115
462,462,880
459,453,476
461,451,168
462,455,894
459,458,112
464,465,882
464,474,446
460,466,185
461,467,897
463,467,115
461,470,884
461,474,433
459,469,195
461,467,902
459,466,112
462,469,883
461,471,417
464,466,200
462,473,899
464,474,115
465,475,886
463,477,407
460,468,215
462,470,901
463,478,118
461,477,886
464,476,394
466,478,227
462,467,897
462,464,111
465,468,884
465,472,377
467,470,233
464,463,904
464,472,116
463,475,887
463,466,365
461,467,239
464,480,905
466,478,116
466,480,888
465,469,362
464,473,255
466,474,901
467,469,114
466,468,885
466,472,353
466,471,263
466,481,890
464,480,118
465,475,888
466,479,341
466,479,273
465,483,913
468,484,118
465,482,890
467,480,340
466,477,282
467,471,906
465,477,115
465,480,888
465,476,335
468,478,299
466,486,908
465,481,115
465,488,891
468,488,332
462,492,320
463,494,911
466,491,119
465,492,893
465,488,324
464,483,328
463,489,913
463,484,115
466,487,892
464,490,314
465,489,344
466,492,913
465,498,120
467,503,897
465,492,307
467,490,356
464,488,911
463,490,118
462,492,892
461,488,291
464,486,364
463,486,908
464,490,117
465,488,891
464,497,266
463,493,382
462,499,915
463,500,121
463,513,901
463,510,260
461,508,396
461,502,913
466,495,120
465,494,893
466,497,245
462,497,406
464,494,913
463,487,117
464,489,892
463,482,219
464,479,413
465,484,905
462,483,117
464,478,890
465,483,193
462,493,431
466,492,906
468,496,122
468,499,895
465,493,176
467,484,441
466,484,908
466,475,113
464,472,889
466,481,169
467,496,477
465,493,908
467,487,119
466,494,895
469,495,148
468,496,489
468,491,908
467,486,117
469,486,893
467,489,138
466,486,492
467,478,907
466,474,113
464,470,888
465,473,131
466,468,490
467,469,904
463,463,110
466,461,886
463,460,125
463,463,503
463,458,894
461,450,107
464,454,884
464,456,124
461,454,517
461,450,884
459,441,99
459,442,879
459,449,117
459,452,516
458,454,873
457,451,103
459,452,883
457,449,118
457,447,524
456,445,860
457,436,100
453,435,879
458,433,113
457,433,527
455,431,844
458,428,97
459,427,876
453,429,110
457,426,540
457,419,828
454,427,90
456,424,876
457,418,106
459,417,546
458,415,819
457,416,88
460,408,872
457,409,101
455,409,555
457,420,811
458,426,95
456,415,876
456,413,103
456,410,567
456,411,797
455,403,87
453,406,874
458,408,100
456,410,583
459,404,787
456,405,78
456,406,874
456,409,102
458,407,592
456,406,778
452,400,84
457,406,873
457,402,98
456,403,604
457,407,768
460,402,83
458,399,871
460,402,98
456,407,619
456,410,765
457,404,87
456,405,874
455,410,101
460,404,631
456,402,751
457,406,78
455,412,877
456,411,100
459,414,642
457,418,744
455,419,88
458,424,880
455,423,105
459,418,643
459,412,738
460,418,88
455,423,879
456,424,105
457,425,662
462,418,727
457,424,84
458,422,880
457,416,102
459,421,667
459,421,718
459,424,81
461,421,880
460,420,104
457,434,675
457,436,711
455,432,90
459,434,885
459,438,110
462,443,683
460,443,707
457,445,97
459,442,888
459,446,113
460,451,694
459,458,696
460,455,102
461,455,894
458,461,118
461,456,707
460,455,681
459,454,92
460,452,894
463,455,115
464,456,712
460,463,670
462,452,97
464,453,893
462,460,117
462,457,720
462,454,654
463,450,100
459,459,895
461,462,118
460,458,733
459,462,646
463,454,102
464,463,895
463,462,118
464,458,758
464,466,637
462,465,97
461,475,899
461,468,120
462,468,775
464,468,627
464,478,108
464,483,901
466,480,124
462,479,791
462,480,616
459,487,113
461,494,903
463,483,125
462,489,807
465,491,613
464,483,113
464,489,899
466,481,125
460,481,831
462,474,591
461,478,104
460,487,900
464,491,128
464,489,852
462,488,583
458,495,113
458,498,906
463,493,128
464,485,855
462,490,567
461,489,114
464,488,900
462,494,129
460,497,876
461,494,557
462,496,115
459,499,907
463,502,132
464,512,891
465,500,548
463,498,111
460,498,905
461,494,128
463,488,883
463,492,537
465,487,106
462,496,904
460,496,128
462,507,890
464,504,531
465,498,116
463,498,903
463,494,127
464,494,887
460,498,514
463,488,122
462,489,903
464,490,126
463,490,888
463,497,508
463,495,133
463,496,904
461,487,124
463,485,884
460,485,512
463,492,143
462,494,902
461,483,123
463,479,884
463,492,502
463,492,156
464,496,904
463,505,131
463,505,894
464,501,482
463,495,169
467,498,910
465,504,129
465,504,893
466,499,475
466,488,172
464,495,904
464,490,124
464,488,888
461,492,469
467,498,187
463,497,909
465,491,124
465,483,888
463,481,443
462,474,189
466,479,899
463,483,119
466,480,887
464,479,433
466,495,130
467,491,910
467,490,120
463,496,892
463,502,429
464,499,218
461,488,908
464,482,117
464,485,889
464,479,407
464,473,214
469,473,901
466,476,115
465,482,888
466,488,400
463,482,228
466,488,903
466,488,119
465,496,894
464,486,383
463,480,237
464,480,910
465,485,118
463,490,890
462,492,389
463,493,239
465,501,912
465,499,123
463,494,892
462,488,379
462,491,248
464,485,903
467,487,119
465,482,888
466,480,360
464,472,257
464,481,903
464,483,118
465,480,888
464,475,347
465,467,261
462,469,909
461,471,114
465,484,890
463,478,344
464,468,270
464,468,905
462,468,112
465,459,882
463,462,335
464,458,276
463,463,898
465,465,110
464,460,882
465,463,332
465,464,289
465,478,904
463,495,121
465,500,897
468,486,325
462,478,311
464,483,913
467,480,114
466,487,891
463,489,325
462,485,326
466,494,914
468,495,119
466,498,896
465,502,325
465,501,346
467,508,917
468,512,124
468,514,902
464,523,323
466,517,358
466,522,921
463,525,130
467,531,908
465,536,316
467,533,373
465,534,930
467,530,132
470,541,911
468,542,314
467,551,390
468,547,931
466,538,135
466,548,913
470,550,292
471,549,404
467,563,936
468,567,145
469,567,919
471,572,287
469,576,421
465,576,938
466,579,149
468,577,923
466,581,266
466,593,438
470,596,946
468,584,152
467,588,926
468,592,262
469,585,447
467,592,945
469,586,154
469,573,921
467,573,240
467,577,460
466,580,944
468,574,151
470,572,922
473,573,221
468,570,469
469,585,941
468,583,152
467,583,926
469,588,203
469,589,485
471,590,941
469,592,156
471,596,930
471,594,201
467,590,500
470,594,947
471,596,159
468,592,929
470,592,181
472,590,510
473,585,942
472,573,152
472,573,923
469,561,166
470,566,510
471,570,937
472,569,143
474,568,922
469,565,164
470,566,523
469,559,933
470,560,144
474,562,920
472,554,158
472,544,522
477,552,936
473,549,142
474,550,915
471,540,152
473,535,527
473,533,918
472,528,135
474,520,906
472,516,145
472,522,538
472,528,905
473,528,129
472,526,909
470,524,144
473,513,540
472,509,889
473,505,124
474,500,900
475,496,135
474,496,543
475,498,878
475,497,121
471,494,897
473,497,134
471,494,532
473,497,865
474,499,122
473,497,901
473,499,135
477,497,552
475,496,857
474,493,114
476,480,894
476,476,126
473,476,551
477,479,842
476,474,108
476,485,898
474,479,127
471,468,555
475,464,831
475,449,103
476,451,889
473,448,115
469,444,576
471,447,811
471,451,103
471,450,888
473,444,114
470,443,598
470,450,804
470,438,91
470,448,888
471,440,113
471,443,602
469,442,793
470,438,92
468,434,883
465,435,110
467,432,610
470,439,785
467,437,93
467,437,884
467,436,110
467,433,622
469,438,778
466,430,95
467,436,883
465,436,110
465,435,637
466,439,774
464,436,95
465,434,883
463,438,111
462,446,648
463,438,761
463,442,96
466,445,886
465,444,113
463,444,653
464,442,754
464,447,93
464,449,888
465,443,112
465,444,663
464,436,746
461,438,95
468,442,886
466,444,112
463,444,671
465,445,743
461,436,95
463,431,883
466,431,107
465,435,666
461,442,730
461,446,91
462,444,888
460,449,113
462,448,679
460,455,722
461,452,101
460,447,890
459,448,115
461,446,679
458,451,714
461,446,98
461,443,889
460,451,115
462,450,694
463,461,700
460,456,92
458,459,895
461,441,111
464,447,713
462,453,679
461,448,91
462,453,892
458,454,116
463,453,719
463,446,667
460,447,96
463,452,892
461,452,115
462,450,725
461,449,655
462,449,100
463,452,892
459,450,114
461,445,736
463,439,643
463,436,96
462,434,886
459,427,105
461,424,743
460,430,632
458,430,86
462,439,887
462,440,111
459,436,759
461,436,624
462,438,94
459,449,891
460,444,111
460,434,774
460,434,608
460,440,98
460,440,886
460,438,110
462,434,789
461,432,597
461,436,96
460,435,883
460,427,106
461,434,804
460,428,588
461,429,86
458,432,881
460,436,109
463,437,811
460,428,580
461,427,87
465,430,884
460,426,104
461,429,827
462,425,560
461,416,86
461,417,879
460,414,100
460,416,836
459,412,547
459,415,102
464,418,879
459,418,102
460,417,852
460,415,537
460,419,84
461,419,877
459,419,102
458,417,855
461,425,532
462,422,84
461,422,877
460,421,102
460,420,862
462,424,520
463,412,83
462,420,882
461,419,101
462,427,862
462,428,510
461,439,91
464,445,891
459,432,106
460,435,870
464,434,504
460,431,93
466,430,882
465,429,104
464,444,871
465,446,503
464,436,102
463,453,890
461,454,113
465,458,878
463,449,496
463,447,120
462,452,890
463,447,110
466,448,874
463,441,479
463,443,125
464,440,891
464,440,107
465,445,873
467,445,475
467,438,137
467,444,890
464,445,109
464,442,873
465,441,464
465,445,147
465,450,891
466,440,106
462,440,872
464,440,477
465,444,157
466,454,893
465,452,110
464,458,879
466,459,468
464,459,173
465,452,892
465,444,108
464,448,876
463,450,442
466,447,178
467,449,897
464,445,105
463,450,878
464,449,425
462,439,185
465,446,894
466,446,105
469,448,877
465,453,410
465,450,194
469,444,892
464,443,104
464,446,876
465,443,394
466,435,203
466,438,886
464,435,101
462,431,871
466,431,376
464,425,208
465,430,894
465,432,99
465,432,872
468,429,366
466,433,218
466,435,891
462,423,96
463,423,869
466,424,357
464,422,223
467,428,886
466,418,95
466,412,866
466,414,346
468,415,228
467,410,884
465,405,90
468,400,862
468,399,334
465,401,233
467,402,886
465,398,88
466,401,863
465,397,329
468,395,233
467,388,881
465,395,87
470,397,861
467,394,319
465,385,241
467,382,872
469,379,81
467,379,855
468,378,307
469,375,244
468,367,869
467,369,76
469,374,854
472,382,299
470,383,261
464,381,874
466,375,78
467,372,853
467,371,289
469,383,281
469,374,876
465,376,76
466,384,857
466,379,288
468,383,290
468,377,878
467,376,76
467,376,855
470,379,281
468,386,299
469,386,875
467,382,77
466,389,859
466,392,281
467,390,308
466,393,875
466,405,87
469,402,864
470,401,263
468,400,323
467,399,883
465,406,87
470,405,865
467,410,258
464,415,343
463,415,886
465,411,89
466,420,870
464,423,252
465,428,359
467,438,891
464,446,101
462,448,880
465,456,248
465,463,375
466,468,901
462,480,114
467,483,888
468,480,238
464,489,394
466,496,910
464,500,123
465,499,895
464,499,233
463,498,411
464,499,912
466,492,120
463,488,892
464,489,217
462,498,422
465,495,907
469,499,124
467,508,899
468,513,218
467,513,441
464,514,916
467,517,130
464,519,904
465,522,196
464,526,451
465,528,920
467,533,136
466,535,909
466,536,184
464,536,468
466,535,928
466,534,136
465,544,912
467,532,174
466,530,491
469,530,924
466,533,138
465,536,910
470,535,162
468,535,498
466,544,927
466,551,139
467,557,917
469,550,160
468,549,509
469,549,930
465,542,138
468,547,914
470,549,158
472,554,518
471,555,938
466,543,141
470,542,914
472,543,155
472,540,520
471,550,930
471,559,146
471,561,920
475,565,163
470,561,536
473,558,928
473,551,140
473,558,919
472,560,160
471,557,542
472,547,915
474,545,136
475,544,914
473,534,149
474,542,543
475,543,912
473,540,138
473,539,913
472,541,151
473,536,549
472,533,894
474,526,132
474,525,909
473,531,147
473,527,555
474,518,884
474,520,129
476,528,911
473,522,144
474,517,562
474,523,874
473,520,124
473,516,908
476,520,143
472,522,572
474,524,868
472,530,129
474,535,914
477,540,150
474,544,586
474,543,865
475,545,137
472,539,917
475,542,150
471,547,603
473,549,856
471,557,134
474,565,924
470,560,155
473,556,611
474,555,851
474,552,133
476,558,925
472,558,155
470,557,621
474,547,847
475,543,130
471,541,919
472,536,146
472,539,630
473,539,831
473,541,133
474,534,918
475,538,148
472,538,641
470,540,824
470,532,132
477,525,914
472,521,141
472,530,652
471,518,813
471,512,116
470,513,910
471,521,141
473,525,658
471,516,801
470,502,118
472,502,906
469,505,136
471,508,659
471,513,793
472,503,121
469,504,906
469,502,134
469,498,663
469,498,782
469,498,120
470,496,903
470,492,129
469,478,668
467,476,763
469,482,104
468,483,899
469,480,125
468,483,677
467,477,757
465,483,126
466,484,899
466,482,126
467,482,677
468,480,752
469,479,109
467,472,896
467,463,119
467,471,678
467,474,744
466,476,110
464,481,899
466,482,125
466,478,689
467,472,733
470,464,95
473,462,894
467,460,117
464,457,687
467,460,722
468,462,99
468,462,894
464,461,118
470,459,689
467,447,703
468,444,97
464,432,885
465,439,110
467,438,687
466,445,691
465,441,95
465,436,888
468,434,108
465,436,700
467,435,676
466,434,86
465,438,889
468,440,110
464,435,703
465,433,668
464,433,88
463,438,887
464,432,107
466,430,706
466,433,654
464,436,93
467,437,886
467,439,110
466,444,720
464,441,648
465,439,94
465,442,888
465,439,110
466,439,738
463,438,638
463,431,87
463,435,886
466,432,107
464,432,742
465,424,622
463,426,89
463,430,884
465,432,107
467,428,758
462,423,611
465,427,92
462,423,882
464,429,106
462,433,764
463,435,614
462,436,94
465,432,883
464,437,109
461,436,796
462,446,606
462,450,95
465,442,885
463,427,106
464,423,798
461,422,583
462,440,94
464,441,884
464,427,106
463,426,812
462,426,570
460,426,90
463,430,882
461,423,105
464,417,823
464,424,561
462,429,94
464,424,880
461,420,102
462,431,846
460,430,556
461,423,89
463,421,881
464,429,106
463,429,855
460,440,551
464,437,92
461,435,883
459,429,106
464,431,861
464,429,534
463,430,90
464,429,880
463,433,108
463,431,860
463,427,524
463,428,88
464,429,884
462,430,106
464,428,866
462,427,517
464,430,89
463,434,885
464,441,109
464,435,869
464,433,513
462,436,88
463,439,885
461,432,106
461,432,869
463,441,498
463,440,98
462,441,888
460,434,107
463,440,870
463,441,501
462,441,107
460,437,889
462,433,105
463,432,868
462,437,490
460,438,116
462,445,889
464,445,111
467,443,872
461,443,487
462,443,123
465,439,886
464,437,107
462,437,870
462,432,488
462,437,133
462,442,887
465,448,110
464,443,873
463,443,480
463,438,144
459,430,888
464,428,103
462,430,869
461,441,475
461,438,152
460,436,889
461,432,104
462,439,873
461,438,467
461,437,158
461,440,890
461,433,102
460,431,870
461,424,434
462,428,169
461,432,886
461,432,103
463,434,871
462,437,423
464,440,180
466,437,887
464,441,104
462,441,874
458,447,417
460,448,190
462,449,895
461,449,107
460,448,877
460,450,408
461,451,198
462,458,897
461,450,107
461,458,880
463,452,400
460,453,206
461,457,896
458,455,108
461,452,879
462,456,394
462,446,211
462,439,888
462,438,102
460,440,874
461,437,370
460,430,215
462,428,893
464,424,97
464,431,872
463,437,374
462,446,227
465,450,898
462,452,108
462,454,880
461,453,364
463,448,234
462,449,894
462,447,105
461,443,877
461,442,352
462,445,240
461,446,895
458,443,105
461,449,879
461,456,348
462,448,248
462,450,897
461,449,106
461,442,876
462,446,339
464,445,252
462,444,899
461,455,108
461,451,879
462,448,334
460,441,258
462,441,890
461,440,103
458,448,879
461,451,332
459,452,269
461,456,897
461,448,105
464,442,876
459,442,324
462,434,272
460,426,894
463,428,97
461,435,874
460,438,318
461,434,283
465,443,901
461,446,102
462,449,879
462,457,319
460,465,305
457,463,903
460,458,106
465,454,881
460,456,315
462,458,314
464,458,897
462,457,105
461,461,883
459,465,313
462,471,330
462,471,902
464,469,109
460,465,885
460,462,297
459,455,330
461,467,906
460,476,112
460,478,889
461,460,289
462,454,337
462,455,903
464,460,106
462,457,882
463,460,281
463,456,353
465,450,895
462,447,102
462,449,879
460,445,264
459,447,356
463,441,893
462,441,100
466,446,878
462,452,253
464,457,371
460,455,895
460,460,107
460,466,885
465,463,258
463,466,390
464,469,904
463,467,110
463,469,886
459,466,227
459,464,397
465,469,903
459,461,108
461,464,885
462,469,217
463,470,411
466,477,903
464,472,113
460,476,888
462,475,196
462,466,418
464,473,900
462,473,116
460,467,885
463,475,186
463,472,427
461,475,906
460,474,115
463,471,888
461,473,177
462,473,436
463,476,905
465,473,113
465,472,887
464,473,157
464,471,450
462,467,900
461,474,126
464,464,885
463,464,147
461,458,455
462,455,895
462,461,109
465,462,884
464,455,133
464,453,459
461,454,901
460,459,111
463,463,886
465,464,135
462,462,470
463,464,903
461,468,113
461,473,888
464,462,133
462,466,483
462,483,906
462,487,114
463,475,890
463,473,129
464,476,501
463,478,906
464,478,114
463,472,889
461,478,133
463,481,498
464,476,910
463,469,114
465,478,891
463,477,132
460,473,511
460,469,900
461,474,114
463,475,889
459,472,127
462,473,509
463,473,899
462,471,112
462,471,888
464,465,127
462,475,518
463,478,890
463,473,110
462,479,892
462,474,127
462,471,522
463,476,882
463,471,111
461,477,892
462,472,127
461,475,530
462,473,874
459,471,113
460,479,892
461,486,130
462,489,544
463,488,869
463,481,116
464,496,898
467,501,135
463,502,556
465,515,871
464,507,120
463,497,899
460,500,136
464,500,543
466,509,861
465,509,121
465,503,903
464,506,138
465,502,574
465,501,852
461,493,120
465,502,901
465,501,135
463,507,582
463,509,849
466,514,127
466,515,909
463,516,141
464,512,593
466,513,843
462,505,116
460,504,905
464,508,137
465,510,604
463,512,833
463,518,126
463,510,907
465,510,139
461,513,603
464,509,830
464,502,121
463,508,906
464,507,137
463,502,607
461,508,825
458,506,123
460,503,904
463,498,133
463,498,622
463,507,818
462,501,111
462,503,905
461,496,133
461,491,633
466,493,802
463,489,113
463,483,898
458,481,128
464,480,633
461,479,795
462,472,109
462,475,893
463,467,121
465,455,634
464,466,786
463,471,111
463,470,895
463,466,120
459,467,649
459,469,782
461,468,104
458,467,894
460,466,120
461,460,647
462,453,769
463,456,99
465,450,888
464,448,113
463,454,654
460,458,760
459,454,103
462,464,892
465,458,118
462,461,660
463,468,759
461,471,109
463,467,894
463,465,119
464,473,677
462,468,753
461,466,98
465,469,894
461,454,115
463,458,670
464,451,745
462,456,97
463,456,890
461,458,116
462,460,675
461,454,738
464,457,98
467,456,891
464,463,119
461,449,674
463,443,727
462,448,97
466,456,891
464,454,116
464,448,681
464,451,721
462,454,102
464,454,891
459,450,114
465,452,689
462,453,713
465,454,92
465,463,895
467,458,117
465,461,690
464,458,702
465,456,98
464,455,894
462,460,118
463,460,696
467,458,693
463,451,101
462,455,894
463,455,116
464,461,701
466,454,682
461,457,94
465,459,895
461,465,119
461,456,708
464,463,677
463,469,101
464,468,897
461,468,121
465,468,721
461,468,672
461,464,100
466,461,895
468,462,118
464,462,722
461,468,663
464,470,108
465,474,899
465,473,122
463,475,734
461,476,657
461,472,107
462,468,896
460,473,122
461,479,754
466,475,647
463,480,106
465,481,901
460,489,128
462,489,770
462,478,641
461,471,103
464,483,901
461,469,121
463,461,763
460,466,628
464,465,104
463,466,895
461,470,122
463,476,783
462,481,625
462,476,109
464,479,898
462,483,126
462,490,802
464,485,619
460,493,116
464,491,901
464,485,127
464,483,817
463,483,610
461,480,107
463,486,899
461,486,126
462,489,828
464,485,599
464,484,111
460,488,903
465,493,129
463,495,847
464,494,595
461,491,115
462,497,905
464,497,130
461,493,858
463,493,581
462,487,107
464,493,902
463,490,128
461,489,867
464,483,571
461,485,105
460,491,900
463,479,123
464,467,868
462,476,560
462,483,109
463,491,900
463,486,126
461,481,877
464,491,550
460,491,111
464,501,909
461,493,128
462,485,882
464,482,544
464,484,109
463,480,899
462,478,123
461,479,881
460,484,532
458,485,104
463,475,898
464,478,123
463,480,881
464,476,512
461,475,106
463,477,897
463,475,121
461,478,881
466,481,508
461,477,113
462,486,899
461,483,124
465,485,885
463,485,504
461,487,125
462,492,905
462,487,126
466,482,885
463,484,499
463,481,126
462,482,904
465,485,124
459,484,885
463,484,500
465,481,140
461,475,899
463,482,123
464,485,887
464,487,490
463,484,151
464,485,900
462,487,125
460,484,887
459,484,480
463,491,166
467,504,913
463,494,125
461,489,887
464,482,469
465,468,168
464,461,812
463,458,113
461,468,881
461,468,461
463,473,177
461,484,900
461,484,121
462,482,886
464,488,458
465,489,190
464,489,902
459,481,121
462,476,886
464,484,441
462,488,198
460,483,907
462,476,116
467,479,886
464,485,436
462,477,201
464,462,898
463,465,111
465,470,884
465,474,426
464,477,206
464,484,902
461,487,122
464,489,890
462,487,420
462,486,216
463,484,902
464,468,114
466,468,884
464,469,400
459,463,215
464,465,902
459,462,112
461,471,885
463,470,393
465,468,225
467,466,901
462,471,114
463,470,885
465,467,387
459,482,235
464,476,902
462,469,112
462,467,884
463,469,383
465,468,234
465,467,898
462,461,109
463,460,882
464,457,367
461,458,240
464,454,901
463,451,107
461,453,880
464,460,357
459,459,250
464,457,901
463,449,105
464,449,879
463,448,350
461,452,249
462,473,907
462,472,114
463,463,883
462,462,349
466,461,265
464,459,896
460,460,110
462,462,883
463,462,339
464,453,267
464,463,907
465,464,112
464,457,882
464,459,335
462,457,273
465,456,900
464,454,108
465,458,883
465,465,336
466,462,281
463,462,903
463,453,107
463,456,882
465,468,330
462,471,293
468,466,901
465,455,107
463,456,881
463,455,317
464,457,297
462,460,905
461,446,103
462,448,879
462,450,310
462,456,308
461,454,903
463,450,104
463,457,882
463,462,311
463,465,321
466,457,903
464,461,107
463,460,883
463,460,304
465,456,325
465,450,897
464,453,104
463,453,881
461,455,302
463,454,328
463,453,894
463,456,104
461,459,883
462,449,298
462,450,329
465,452,899
463,453,104
466,452,880
465,452,285
461,452,343
463,456,896
461,462,108
465,461,883
461,453,275
462,456,355
465,457,897
464,460,107
461,470,887
462,468,268
461,465,367
464,474,908
466,482,113
463,480,889
462,473,266
459,475,377
463,473,907
463,469,111
462,477,888
464,471,256
464,469,379
462,475,904
462,473,112
461,477,889
460,483,244
461,480,392
462,477,901
461,467,110
465,462,884
465,465,223
461,465,390
463,471,901
462,461,108
463,459,883
463,464,203
462,456,405
462,468,905
462,470,114
466,474,888
464,472,195
463,472,423
465,477,906
464,480,118
463,485,891
460,482,185
462,486,439
464,483,908
463,483,116
465,483,891
460,474,181
464,469,440
465,477,905
462,479,116
462,486,892
464,483,164
463,480,455
466,479,909
462,475,114
462,481,891
462,475,145
463,468,455
463,465,903
464,467,112
461,462,885
465,464,136
467,473,475
464,470,905
460,466,113
464,471,887
466,468,135
467,472,484
464,475,905
463,464,106
464,471,889
461,473,133
465,466,486
465,458,900
462,458,108
463,462,885
463,457,127
460,454,490
462,457,903
464,457,109
463,462,886
461,457,125
462,462,506
466,468,902
465,469,114
461,471,889
461,472,130
464,469,508
462,468,896
461,476,109
465,478,891
463,474,127
466,479,526
465,471,886
463,468,111
464,469,889
466,473,127
464,470,514
465,468,883
462,470,113
465,475,891
460,476,129
462,472,521
461,470,875
466,466,111
465,462,887
467,464,123
466,462,534
466,466,866
463,461,883
464,464,123
460,468,541
461,472,857
461,467,108
465,466,890
468,468,123
462,458,544
465,462,848
464,455,107
465,459,887
463,462,121
462,455,553
464,464,843
464,464,110
467,471,893
463,468,123
466,466,571
466,475,839
460,462,103
462,465,891
463,460,120
462,470,578
467,474,830
463,471,106
465,473,895
466,477,126
465,475,583
463,472,828
465,474,111
464,474,896
464,474,125
461,469,593
462,471,818
462,469,108
463,470,893
466,465,122
466,462,605
466,469,812
464,469,102
464,468,895
467,471,122
467,467,612
466,464,804
464,463,101
466,461,892
464,456,117
463,458,616
465,464,798
463,463,104
467,462,892
462,465,121
464,472,627
464,472,794
464,468,110
463,471,895
461,467,122
458,462,637
460,470,789
458,473,109
466,480,898
465,481,127
465,479,646
467,477,783
467,471,103
464,462,892
464,464,121
463,466,646
462,473,776
466,468,104
465,467,894
462,471,122
462,478,659
468,472,769
463,464,105
464,461,891
462,451,116
462,453,659
463,460,754
466,464,125
464,469,895
464,464,119
464,461,665
467,467,757
464,468,102
463,476,898
465,468,122
464,467,672
461,472,750
464,470,104
461,467,894
462,469,121
463,468,676
464,467,749
464,464,106
461,470,895
461,468,121
463,466,680
466,462,739
465,460,103
463,456,891
464,453,116
462,453,680
464,456,725
462,455,95
463,458,892
463,465,120
463,475,692
462,468,720
462,464,99
462,464,894
464,464,119
467,474,693
465,464,711
463,459,104
464,462,895
463,470,121
462,467,695
464,458,700
464,458,101
465,460,896
466,466,120
463,472,705
461,474,698
464,470,97
465,472,900
465,461,118
465,465,705
465,466,684
460,476,103
465,484,902
464,470,121
466,467,712
463,470,678
464,468,106
464,475,899
463,476,124
464,469,721
466,466,668
461,465,105
461,470,897
462,475,123
466,478,736
466,481,665
461,478,101
464,472,899
463,475,123
463,478,737
464,480,656
464,480,107
465,483,902
460,483,126
464,474,748
462,466,643
461,466,106
464,473,899
466,473,123
462,473,758
461,470,642
461,472,108
462,483,901
463,482,125
461,482,779
466,481,636
463,478,106
466,482,901
463,486,127
462,489,785
463,489,631
461,484,111
466,484,900
465,480,125
465,480,792
464,482,627
465,480,111
466,475,897
463,473,123
464,476,799
464,471,619
464,463,104
466,472,895
466,477,124
463,478,813
464,477,607
462,480,105
466,487,898
465,485,126
466,483,826
463,484,600
463,480,106
465,476,897
463,472,122
461,465,827
463,468,586
465,464,103
466,466,895
466,460,117
465,454,839
466,454,571
465,456,102
464,453,890
460,456,116
463,469,853
466,467,570
463,469,107
468,469,895
463,468,120
465,471,869
464,468,564
461,454,94
464,455,889
467,462,117
466,470,867
464,474,558
463,468,102
463,471,894
465,477,123
462,482,873
463,487,556
463,484,110
464,487,901
466,487,126
462,477,879
462,473,543
463,469,104
469,471,897
465,479,123
465,484,880
461,479,538
462,470,99
462,472,895
464,461,117
465,459,873
464,460,526
464,463,98
464,463,893
464,466,118
464,467,877
465,465,522
462,457,100
464,454,895
464,456,115
465,460,874
464,459,513
463,461,103
466,457,895
466,450,112
463,463,880
465,466,509
465,462,112
462,459,895
465,463,116
464,464,880
462,469,510
462,468,116
462,465,895
462,463,116
464,464,878
462,468,503
462,470,126
464,466,894
465,470,119
465,475,883
462,468,492
464,464,132
465,480,901
464,480,123
463,481,885
467,476,493
467,469,135
464,471,899
464,468,117
466,470,881
464,468,498
463,464,145
468,464,895
465,457,113
461,459,879
462,459,489
464,468,155
467,463,894
467,459,114
470,457,878
465,455,479
464,449,154
461,446,894
464,444,107
461,447,875
462,456,476
463,451,164
466,449,894
466,449,109
464,459,879
466,455,453
463,456,166
464,463,896
465,454,110
463,455,879
461,452,444
463,445,171
464,455,894
466,459,113
465,456,879
465,461,436
463,459,181
464,456,895
462,461,110
463,452,877
466,457,425
463,457,186
464,455,898
464,459,110
464,461,880
463,461,422
465,457,191
465,452,892
464,448,106
463,452,878
463,457,422
462,457,196
464,467,899
461,466,113
464,461,881
463,466,411
460,473,208
462,474,906
464,460,110
464,460,881
464,459,397
464,467,212
462,471,906
460,460,110
466,465,882
462,471,402
464,471,212
466,458,897
461,456,108
464,456,880
462,462,390
463,460,215
464,457,894
464,457,108
464,460,881
465,463,385
465,459,222
464,465,899
464,469,113
464,461,882
462,461,370
463,453,223
465,454,901
464,454,108
463,447,877
462,449,367
463,445,230
464,450,898
463,457,109
464,461,883
463,453,360
462,458,238
465,458,899
464,459,110
463,464,883
462,471,364
461,475,251
465,475,903
464,463,112
463,460,882
464,459,347
463,465,255
466,476,906
465,471,115
463,476,887
462,482,354
458,479,262
463,481,911
465,476,116
465,477,888
465,480,352
465,485,267
465,495,915
464,496,123
462,500,896
462,499,353
464,501,279
463,495,909
464,487,119
463,479,889
464,464,339
462,466,271
464,452,894
464,463,110
463,478,887
463,479,338
463,478,115
464,482,910
462,481,117
465,482,890
461,476,333
466,471,286
467,479,908
463,469,113
466,467,885
462,459,331
462,457,289
463,460,897
462,464,110
466,460,882
463,460,325
463,460,298
466,468,902
466,475,113
462,469,885
462,473,322
461,467,305
464,463,906
463,467,110
465,466,885
464,473,328
463,484,320
464,484,911
462,490,117
464,495,894
467,491,326
467,500,329
465,500,912
465,499,120
462,496,895
465,493,323
463,491,336
463,489,908
466,474,111
463,473,887
460,465,303
464,465,337
467,476,905
463,465,108
466,465,885
465,469,295
463,456,334
465,460,904
465,455,105
466,456,882
468,460,293
463,465,349
464,462,904
464,463,108
463,463,884
462,458,280
464,459,354
465,461,898
465,459,106
464,464,885
462,470,281
461,472,364
465,472,909
469,468,110
466,466,885
465,466,269
465,464,362
465,470,909
466,471,110
464,477,889
463,482,270
464,481,378
462,474,903
466,479,114
463,479,889
464,478,262
463,468,379
463,466,897
463,477,111
466,470,887
465,465,252
465,470,387
467,479,902
464,474,112
463,477,888
466,475,236
461,478,391
463,480,909
466,485,116
463,490,892
463,483,235
464,482,401
462,482,907
461,476,113
463,473,888
465,469,211
462,472,407
462,474,903
463,474,114
466,481,890
467,474,209
466,465,408
465,463,899
462,471,115
463,477,888
462,480,197
459,481,420
461,484,909
460,483,119
462,477,890
463,476,190
461,476,425
464,471,904
464,468,113
468,465,885
467,462,181
466,454,426
464,462,897
462,462,110
463,466,886
464,465,173
465,465,432
466,464,897
464,468,111
463,471,888
465,467,154
465,465,441
465,475,903
462,468,111
463,469,888
464,469,153
461,464,448
464,467,904
462,464,112
465,475,890
465,485,147
463,482,463
464,485,908
464,479,119
464,477,890
463,473,142
463,469,465
464,473,904
463,468,111
461,471,889
461,475,137
462,472,470
465,474,902
465,472,115
463,470,888
465,471,136
463,464,468
464,466,906
464,469,113
464,479,891
464,475,133
462,466,476
463,472,907
464,477,116
464,470,887
466,471,134
461,458,487
464,455,899
463,460,106
464,461,885
465,460,123
463,466,491
465,471,905
462,470,111
462,468,888
463,471,128
462,472,496
465,471,908
464,474,114
464,481,892
464,487,137
468,486,508
464,485,907
462,479,115
463,472,889
464,471,127
465,468,505
463,466,897
464,457,108
463,459,885
462,465,125
463,465,510
463,472,896
461,474,109
463,476,891
464,474,126
463,480,520
464,483,891
467,471,111
464,471,890
470,477,128
467,472,519
467,480,889
464,476,113
466,474,891
464,477,128
460,469,523
464,472,876
465,482,116
463,479,893
463,484,131
464,477,535
465,466,873
464,465,104
464,472,890
465,473,126
464,478,523
466,473,867
465,472,108
467,476,892
466,470,125
462,473,526
463,470,863
465,477,112
467,479,894
463,481,130
462,481,533
463,479,861
463,476,113
463,475,893
464,468,124
463,473,555
465,471,853
464,473,112
462,477,893
464,478,126
464,476,562
465,480,851
463,472,105
465,474,894
464,470,123
463,475,566
466,478,843
463,474,110
464,471,894
464,470,124
460,480,577
464,477,839
462,467,110
463,473,893
463,475,125
461,462,572
463,461,828
465,463,108
464,471,895
462,465,122
460,467,585
460,469,828
463,470,103
462,471,895
465,474,126
461,468,587
460,466,822
464,468,105
466,462,892
465,463,121
464,466,594
463,462,815
462,467,107
464,460,891
464,451,116
463,457,595
463,466,814
463,463,107
464,459,891
463,454,118
467,464,610
463,459,804
462,459,103
461,459,891
464,448,116
464,452,613
464,453,799
464,454,95
464,460,891
463,469,122
462,470,622
465,476,803
466,472,104
466,473,895
465,462,121
463,458,624
465,455,795
465,466,106
467,472,896
464,466,120
463,456,632
461,469,791
465,467,109
466,483,898
465,491,130
464,491,650
465,487,793
464,494,110
466,498,904
463,487,128
459,477,649
463,471,780
465,472,106
464,465,893
462,465,121
465,461,647
462,462,776
464,458,104
463,467,894
465,459,118
463,461,649
460,458,770
464,463,107
462,469,894
464,469,121
463,463,102
464,460,764
461,457,95
467,465,893
464,463,119
462,468,662
464,468,764
461,464,101
464,464,893
462,463,119
465,460,663
466,461,757
464,460,103
465,464,893
463,466,120
462,464,666
469,467,757
464,470,106
464,472,896
465,467,120
462,468,677
465,472,758
462,473,98
464,467,895
461,464,119
465,459,677
465,459,744
465,459,98
465,456,891
463,458,118
466,464,676
464,463,741
465,461,98
465,462,893
462,460,119
464,463,678
466,468,738
466,473,108
464,466,895
462,458,117
464,457,684
467,459,728
463,466,106
466,461,893
467,458,117
463,470,692
466,463,724
463,461,98
466,464,894
463,462,118
465,460,688
465,461,717
465,452,95
464,454,892
465,457,117
460,456,689
465,460,710
464,454,99
463,451,892
463,462,118
467,466,692
466,473,709
463,464,103
462,456,894
464,446,113
462,444,698
464,451,694
466,451,93
462,454,894
459,456,116
464,466,703
465,466,693
462,453,95
459,449,892
464,445,112
462,450,698
462,449,680
460,448,93
463,450,892
465,452,115
463,454,710
461,447,677
463,451,98
462,448,892
464,450,115
461,451,717
462,457,672
464,460,103
462,467,897
462,463,119
465,468,722
463,463,671
463,462,96
464,462,895
463,459,117
463,452,722
461,462,662
459,460,101
460,464,897
463,460,117
460,468,737
463,465,658
466,461,104
465,459,894
462,459,118
468,465,738
464,460,650
462,457,102
463,463,896
463,460,117
462,456,753
465,458,644
460,457,96
461,459,895
463,464,119
462,466,756
464,473,646
463,463,102
465,463,895
460,465,119
464,463,760
467,468,640
465,466,109
466,464,896
465,463,119
462,461,764
466,459,629
464,458,103
467,465,895
465,461,118
465,463,781
463,466,626
464,463,103
464,463,894
463,458,117
466,457,788
464,459,617
463,468,104
464,471,896
465,473,122
464,473,798
465,468,613
463,467,104
463,475,896
466,467,120
464,468,809
463,461,603
466,464,105
465,465,893
466,462,119
466,463,817
466,467,603
464,474,111
463,475,895
461,465,119
465,468,826
466,467,595
465,470,102
464,474,897
459,473,122
462,470,829
463,476,590
464,477,110
466,483,900
461,474,122
465,478,837
464,473,580
463,478,109
467,487,901
462,479,125
464,490,853
464,490,583
463,473,109
466,479,899
464,483,124
465,476,862
467,475,574
466,475,105
467,477,896
462,471,121
464,466,857
465,472,566
466,464,101
468,472,895
463,477,123
462,475,867
463,479,561
464,478,110
465,480,902
466,489,127
468,490,875
466,487,560
466,479,107
460,472,898
461,476,122
463,478,879
463,471,536
464,471,102
464,472,896
464,475,121
465,482,878
463,485,539
463,478,104
466,478,896
461,481,124
463,484,884
465,481,528
464,474,105
465,479,896
465,479,123
464,468,877
465,473,520
463,472,103
462,476,902
465,480,123
464,475,883
463,476,528
463,477,108
470,484,900
463,477,122
463,481,882
464,477,523
462,475,103
464,473,896
463,465,117
465,469,879
464,477,519
461,474,110
461,475,896
461,471,120
464,468,880
461,467,508
464,469,116
462,474,901
465,475,120
465,475,881
461,479,512
463,475,121
465,485,903
466,484,124
466,478,883
464,479,506
462,479,125
462,481,900
466,476,120
466,470,881
465,468,502
462,463,125
462,471,896
464,468,118
465,464,880
464,467,490
463,471,139
462,469,895
466,469,118
465,471,882
464,473,487
464,465,140
464,466,899
463,467,117
464,476,883
461,472,485
462,477,150
465,475,897
462,480,121
467,476,884
462,471,478
464,471,154
462,479,900
462,477,120
462,481,885
464,479,475
460,477,162
465,476,898
462,480,121
467,478,884
467,478,473
465,475,163
465,472,903
465,474,119
468,468,883
466,461,457
463,461,167
466,466,899
464,463,113
464,468,882
463,477,458
466,465,167
466,459,894
465,462,113
462,462,880
466,468,453
464,470,178
468,475,899
462,473,117
462,474,885
464,475,459
460,467,180
463,462,897
464,456,109
463,454,878
466,461,434
462,456,182
465,467,902
465,462,111
465,453,878
463,456,444
463,456,189
464,457,899
460,459,110
463,463,881
461,459,421
465,468,197
464,467,896
465,458,109
462,459,880
463,461,892
463,461,168
464,467,897
465,463,112
464,458,880
464,465,407
461,469,206
464,466,904
465,463,111
462,465,882
462,461,403
464,457,205
464,457,897
462,458,109
466,455,879
465,450,393
466,460,212
464,460,897
463,452,107
465,458,880
466,451,390
463,460,217
462,459,894
463,462,112
468,464,883
465,467,385
464,468,223
465,465,905
467,467,112
466,465,883
469,470,381
465,464,225
469,468,903
463,461,110
462,457,881
466,463,377
464,464,225
462,458,897
463,459,110
465,467,884
466,458,372
463,453,228
466,461,897
464,464,111
463,469,885
461,469,362
464,466,239
467,471,903
466,471,114
465,479,888
465,478,363
464,485,250
468,489,912
466,485,120
466,473,886
464,471,360
465,479,254
464,476,908
465,473,116
465,476,887
465,469,355
465,473,253
464,478,905
467,467,113
465,474,886
465,474,350
464,470,256
462,469,900
465,458,110
464,466,885
467,468,345
464,472,261
466,475,911
464,476,115
463,473,887
465,465,343
463,463,262
464,466,904
463,472,113
464,474,887
463,463,340
466,464,265
464,462,898
464,466,112
464,469,885
463,472,344
464,478,274
466,473,902
465,482,118
464,484,890
464,484,339
463,483,283
464,477,912
466,475,115
462,471,886
462,471,333
465,470,285
466,473,908
463,464,110
463,458,882
464,468,332
461,461,287
469,465,903
464,465,111
464,469,886
461,460,328
464,457,293
463,457,899
461,459,108
464,459,883
464,461,318
462,465,304
466,468,904
464,472,112
464,470,886
463,473,322
464,469,310
463,472,909
462,469,110
463,471,885
465,474,324
463,467,316
461,470,908
460,472,110
465,468,886
463,458,318
463,460,321
465,457,898
464,459,106
461,466,885
463,466,311
461,466,331
462,468,899
462,459,106
465,460,883
467,470,301
461,470,335
462,473,911
463,471,111
464,475,887
461,474,298
460,464,340
465,463,903
460,468,110
464,470,886
464,469,296
463,461,347
465,462,898
464,457,106
464,451,881
466,449,281
465,456,351
464,453,896
463,455,104
466,454,881
466,450,269
463,445,354
463,448,899
462,447,102
466,462,884
464,460,273
461,460,363
463,454,900
462,455,105
460,444,878
461,457,261
462,458,373
465,459,897
465,457,106
465,468,886
465,470,256
461,464,380
463,466,901
461,472,111
461,471,886
465,473,237
465,479,392
465,483,902
465,469,111
465,467,885
464,462,228
461,464,390
464,474,903
461,472,112
462,473,887
460,470,226
461,464,395
464,451,896
466,455,107
462,453,882
464,455,210
466,459,407
466,458,896
461,459,111
461,457,881
465,460,196
465,462,412
465,457,895
468,458,110
466,463,884
463,473,191
463,481,423
465,476,908
466,476,118
461,481,892
465,480,185
462,469,429
467,465,902
464,461,109
465,465,882
463,459,161
464,462,436
466,458,899
465,464,110
464,468,887
464,476,166
461,474,447
465,467,901
466,468,111
467,470,887
464,471,144
463,470,459
465,478,906
464,479,114
468,475,889
463,475,145
460,468,465
460,471,904
464,465,113
464,466,886
467,472,136
466,470,475
466,467,903
464,458,111
462,459,884
462,465,136
463,474,474
463,476,905
465,476,110
464,473,889
463,468,130
464,462,474
466,473,903
464,468,111
465,473,889
464,473,136
465,477,485
467,477,910
464,476,115
465,472,889
466,476,130
464,469,487
463,473,907
461,469,113
465,472,890
464,471,130
464,469,499
465,465,902
465,462,105
467,472,889
464,480,129
461,470,501
464,473,903
462,475,112
461,474,890
466,474,127
464,470,504
463,475,904
467,478,116
460,458,885
463,460,123
464,456,504
463,460,891
465,465,110
467,480,892
465,471,129
464,465,513
464,469,887
461,471,112
464,477,892
463,486,133
463,490,527
463,486,887
464,481,111
468,480,892
468,477,127
465,471,528
463,475,875
463,476,111
465,483,893
462,482,130
464,479,529
463,487,873
465,490,119
462,492,896
463,484,131
463,486,545
465,492,870
464,491,112
466,493,897
465,486,130
465,484,546
463,487,862
461,483,112
463,481,894
465,489,131
464,487,553
463,485,858
464,483,113
