466,478,399
470,490,480
459,482,434
469,491,586
463,472,765
460,490,237
469,478,826
461,475,275
471,483,493
465,475,700
459,496,199
467,486,805
458,483,251
470,491,485
463,467,690
461,480,190
470,472,796
461,470,236
471,485,482
462,467,682
457,482,190
469,479,798
458,477,240
469,480,485
465,461,678
463,482,184
467,473,797
458,472,239
469,487,490
466,482,685
463,494,185
470,484,808
460,482,239
466,486,491
460,470,683
464,484,179
470,480,809
459,474,238
466,488,498
466,469,678
461,485,174
471,485,816
461,479,245
471,474,497
463,460,673
459,471,166
467,472,812
459,470,239
466,479,500
464,459,671
461,477,165
468,470,817
456,469,235
471,475,507
461,465,676
462,481,166
467,472,826
462,466,237
467,479,509
462,471,677
460,477,163
470,472,830
459,463,239
474,482,518
464,464,672
461,475,158
467,469,835
457,466,241
467,468,515
465,462,670
465,485,158
471,485,844
456,481,244
468,489,530
463,475,683
461,486,164
467,476,850
457,469,244
469,475,526
466,467,671
461,479,154
470,473,850
458,469,246
466,470,529
461,464,670
464,479,150
470,476,855
460,470,246
466,481,537
465,470,673
461,479,151
467,481,864
457,476,249
468,488,545
466,477,681
461,479,152
467,482,871
460,478,251
468,486,547
464,473,674
463,484,150
469,488,877
460,477,254
468,482,549
465,464,670
460,478,143
468,469,870
458,466,250
467,482,551
461,467,678
462,466,135
471,466,870
461,471,256
468,481,551
462,468,691
460,476,136
470,478,881
460,470,255
467,479,549
466,470,695
461,472,130
464,473,882
460,469,259
464,486,550
467,473,701
461,488,134
466,478,885
456,469,256
466,478,548
465,454,689
462,462,113
468,466,879
458,464,257
464,472,546
465,455,701
460,470,115
468,474,884
458,467,259
465,485,549
463,463,702
456,466,114
468,465,883
461,460,260
468,462,540
467,451,699
460,460,110
470,463,881
459,453,258
463,458,537
468,456,700
458,458,110
468,459,881
464,453,261
468,463,538
466,458,714
459,465,112
469,466,883
460,458,266
465,473,541
466,456,712
464,460,110
469,456,879
463,452,264
469,468,538
466,454,714
461,464,112
474,468,883
460,478,273
463,491,544
464,468,733
462,473,115
471,473,885
460,466,271
460,474,537
464,458,735
460,468,113
470,470,883
460,466,273
464,473,534
464,456,736
461,462,111
467,467,883
465,470,278
468,482,537
464,471,745
458,472,115
468,467,883
461,456,273
467,472,531
463,461,746
460,469,115
469,473,885
461,459,281
465,466,530
465,458,754
458,464,112
469,463,881
460,451,280
465,464,525
467,449,759
462,456,110
466,469,884
459,462,284
468,470,528
463,459,757
460,457,112
466,460,881
463,448,277
466,464,523
464,460,773
461,465,112
471,463,881
462,452,283
465,466,525
466,460,777
458,465,113
466,479,886
462,476,293
464,479,528
465,463,783
461,469,116
469,476,886
459,467,295
466,472,524
466,454,781
459,460,111
467,462,880
458,456,287
466,471,520
465,464,790
459,466,115
466,465,882
461,461,294
463,469,519
465,458,794
462,458,111
467,456,879
460,447,292
461,452,511
464,442,795
459,453,111
469,452,877
461,447,292
466,451,506
466,446,795
458,442,108
470,445,874
460,440,293
464,449,495
464,430,796
460,434,104
465,439,872
457,426,290
463,443,484
465,441,809
462,459,111
467,457,878
461,443,297
464,458,484
468,442,814
461,455,112
468,455,878
460,447,299
463,446,469
467,441,814
462,448,109
468,446,873
462,441,297
466,464,468
467,465,834
462,474,119
471,469,882
460,455,301
464,468,471
468,464,828
460,476,120
466,469,882
459,454,301
463,455,458
466,448,827
461,455,112
470,461,880
465,463,306
466,467,455
466,458,831
460,467,117
468,479,885
461,473,314
466,475,452
467,470,851
462,473,119
468,476,884
463,464,315
464,470,440
465,463,850
460,469,117
464,473,882
461,468,318
464,478,437
466,467,852
461,463,116
466,471,883
461,463,316
461,473,432
465,470,856
458,471,118
468,473,882
462,461,314
464,468,425
466,467,865
460,471,119
467,471,882
462,466,319
462,474,417
464,474,870
460,490,126
464,490,513
463,474,323
464,479,412
466,475,869
460,486,124
467,491,887
460,479,329
464,479,409
468,463,870
462,467,118
468,474,883
462,470,322
464,475,401
468,471,878
461,473,119
465,478,885
463,468,325
464,479,398
466,469,881
464,465,118
464,468,879
462,464,324
463,468,389
463,466,883
458,467,118
465,460,878
462,465,327
464,475,387
467,467,883
459,470,119
467,469,881
461,468,328
465,470,382
466,473,891
464,465,117
468,465,879
464,466,329
463,476,378
465,473,893
457,469,118
466,471,880
461,474,334
464,483,372
465,475,894
462,475,121
465,483,884
462,476,335
464,488,369
466,481,896
460,478,122
466,480,883
464,475,333
466,477,362
468,466,898
462,469,118
466,472,882
467,464,329
466,484,359
467,480,899
463,477,122
467,469,877
461,462,328
463,466,345
468,465,895
462,472,120
467,477,884
464,472,332
464,478,345
468,472,895
461,472,120
469,476,880
465,468,338
466,482,341
465,470,897
461,473,120
465,474,881
463,466,338
460,477,329
463,473,896
461,467,119
464,472,880
461,476,344
464,482,328
466,472,897
463,474,121
466,474,882
462,474,343
463,485,326
464,489,900
461,490,127
465,489,886
462,481,345
460,488,323
464,482,902
463,482,124
463,485,883
464,487,351
464,486,322
462,478,897
462,474,121
466,480,881
461,479,348
461,490,319
468,487,899
460,482,124
468,487,885
465,484,352
467,489,313
469,476,896
462,474,121
464,491,885
459,481,348
466,485,306
469,479,901
464,479,123
465,477,880
462,475,350
465,487,299
467,481,898
463,476,122
467,470,878
462,471,352
463,475,296
466,464,892
466,473,121
469,480,881
466,473,351
463,473,292
465,472,895
460,481,123
466,486,877
463,480,347
463,497,325
467,483,898
461,478,124
469,479,878
465,473,347
466,475,303
467,475,896
461,480,124
469,483,879
466,465,343
463,477,304
468,472,895
460,483,126
467,490,883
465,480,349
464,489,299
464,486,900
460,487,127
467,500,883
462,489,355
462,492,294
465,491,904
463,495,130
465,501,883
462,492,360
465,483,282
464,477,896
463,469,120
468,481,876
466,477,358
463,486,277
466,483,898
461,484,126
468,492,879
462,482,360
464,487,280
466,485,901
466,480,124
468,485,874
461,473,363
460,464,268
467,473,896
463,471,121
465,479,872
462,471,375
467,471,265
465,466,893
461,477,124
465,481,872
464,471,379
462,475,264
469,474,897
464,481,124
466,493,873
462,485,388
466,485,262
466,473,899
463,479,123
468,476,862
461,465,387
461,469,254
466,470,898
463,470,121
469,466,860
463,454,390
463,465,248
465,463,895
464,464,118
466,466,856
461,465,400
464,476,252
467,469,898
464,464,118
467,469,856
463,465,403
461,470,248
466,462,894
460,465,119
466,471,860
466,467,410
464,476,249
464,476,898
464,471,121
467,470,856
463,466,416
462,473,237
465,470,897
463,475,123
464,472,853
465,464,418
463,469,240
464,465,893
462,464,119
465,472,853
464,459,418
463,462,233
465,450,887
458,448,113
466,457,848
464,462,423
464,465,225
466,455,890
459,458,117
463,469,851
464,467,436
461,465,225
467,454,888
463,458,117
467,459,842
465,459,437
463,456,220
463,447,886
459,445,112
465,452,837
461,451,435
464,460,220
467,461,890
463,470,121
465,471,842
464,459,441
464,464,212
467,456,889
461,448,113
467,451,837
463,461,450
463,467,212
463,473,897
463,475,122
464,481,841
464,478,459
460,481,214
462,480,898
461,477,123
465,476,839
463,464,461
463,456,207
465,454,889
461,460,118
466,469,835
464,461,465
460,468,201
466,462,893
462,461,118
464,465,833
463,455,462
462,461,199
466,461,893
461,455,116
466,463,830
464,459,465
464,470,199
462,459,893
466,458,117
468,460,826
461,455,471
462,463,197
466,450,890
462,447,113
468,454,825
463,451,472
466,468,189
463,464,895
461,460,118
464,473,827
462,463,481
465,461,186
468,462,894
460,465,120
464,459,817
462,451,477
463,451,184
468,456,892
461,458,117
467,463,822
466,455,490
463,463,184
466,461,894
463,456,117
463,468,821
462,453,494
464,453,175
463,456,893
460,457,117
462,460,233
467,458,497
466,465,174
466,467,897
460,468,121
465,474,818
463,459,498
462,463,171
464,471,898
462,470,121
466,467,816
462,464,506
463,467,171
468,468,897
462,473,122
469,471,818
462,467,510
462,467,163
465,465,896
463,461,117
463,468,809
463,466,515
464,468,163
464,468,897
462,465,120
468,472,809
463,474,519
462,473,162
464,473,898
460,469,121
465,484,815
465,472,528
460,471,159
469,471,898
466,482,125
467,480,809
468,474,530
465,477,149
468,480,901
464,476,123
465,475,805
462,470,530
463,466,147
464,468,897
465,472,122
467,477,807
466,467,533
466,470,148
468,471,897
460,467,120
462,478,806
463,469,540
461,467,142
466,470,898
464,459,117
466,461,799
465,460,541
459,462,131
467,462,895
462,451,115
464,452,791
466,452,536
465,459,127
464,464,896
462,464,120
463,468,797
462,461,545
464,457,128
467,461,895
462,460,118
461,468,796
463,458,546
464,460,122
465,462,895
462,463,119
468,467,795
465,467,554
464,467,119
462,455,120
464,452,787
463,448,554
463,450,110
468,461,895
461,463,119
465,466,793
463,458,561
465,456,110
463,466,897
460,460,117
464,465,795
463,457,565
460,460,103
464,468,897
462,462,118
467,464,789
462,464,572
462,465,107
467,470,898
460,478,124
464,477,792
462,472,577
463,471,110
462,474,900
462,471,122
466,478,791
467,473,585
467,469,104
470,471,899
465,483,125
467,482,794
465,483,589
463,480,102
465,477,899
461,478,124
467,472,787
466,463,586
461,467,104
466,464,896
462,464,119
466,469,786
465,470,593
464,469,106
467,467,897
463,474,123
467,476,787
464,461,597
460,460,103
465,466,897
462,473,123
464,471,786
461,461,602
461,463,98
463,466,896
462,462,118
469,476,786
463,472,604
463,468,102
471,473,898
463,472,122
462,480,786
465,477,610
465,475,108
463,471,895
464,460,119
464,455,783
463,464,610
462,465,94
465,462,895
461,462,118
467,463,783
466,463,611
464,467,98
466,464,893
463,460,118
465,456,779
462,454,612
462,450,101
465,452,889
462,454,116
466,461,778
464,454,620
463,463,102
466,464,892
462,455,115
463,466,783
467,465,626
462,461,98
465,458,890
463,458,117
466,455,775
461,450,626
461,452,94
462,458,890
461,462,119
466,466,776
467,467,636
464,466,104
463,466,893
459,462,119
463,470,776
463,466,641
460,468,105
465,470,894
461,465,120
464,473,778
464,480,652
464,485,103
465,491,901
467,488,129
461,489,783
460,494,657
462,491,112
466,486,899
464,484,126
465,487,780
467,485,657
461,485,114
468,482,899
466,475,123
464,480,777
465,478,662
461,485,114
467,482,898
465,483,126
464,488,778
466,481,666
464,468,98
466,458,890
461,460,117
461,467,766
463,469,668
458,467,108
464,470,894
461,474,123
462,477,764
465,470,669
466,471,106
464,472,894
460,461,118
465,470,761
464,471,672
463,471,107
466,472,895
466,475,124
466,479,755
463,480,682
464,472,103
465,473,895
458,481,126
463,479,747
461,468,684
465,462,104
470,470,894
463,466,120
461,469,736
463,470,692
460,473,111
466,471,895
460,468,121
461,470,735
465,461,695
464,459,100
464,463,892
466,454,116
466,457,723
463,458,696
462,461,102
464,473,896
462,474,124
464,471,721
465,465,704
465,464,108
467,459,891
464,464,120
463,477,716
462,474,709
469,478,113
467,464,893
465,454,117
463,459,714
464,452,707
465,458,97
466,463,892
462,461,118
467,457,701
465,448,712
463,453,102
465,463,892
464,458,118
465,451,690
461,453,715
465,448,101
468,445,886
464,441,113
464,450,690
464,448,717
461,445,93
463,448,887
462,446,114
464,446,684
464,449,725
464,448,94
467,450,888
462,457,118
467,465,676
466,467,735
464,468,103
466,464,892
463,458,118
465,460,677
465,451,732
465,455,105
467,460,892
464,464,121
464,462,669
464,460,737
465,458,104
466,460,891
465,463,120
465,470,671
462,469,741
464,476,109
466,472,895
464,468,124
465,481,664
463,475,754
460,475,110
465,474,896
466,481,127
467,477,656
465,470,754
463,464,109
467,480,894
464,478,126
465,472,657
466,469,887
465,464,103
468,470,892
459,464,122
467,473,648
465,471,758
462,476,109
467,473,892
462,463,122
461,462,635
464,459,763
465,466,108
467,465,890
462,458,119
465,460,613
464,467,770
461,471,112
464,473,893
461,465,122
465,478,639
464,481,776
465,476,108
466,480,895
466,484,129
466,473,610
464,471,779
460,469,108
471,474,892
465,470,125
464,471,621
464,465,781
461,467,109
466,471,893
463,470,125
466,467,612
469,464,786
463,454,106
463,462,887
462,460,120
465,464,594
465,460,785
466,468,103
462,468,890
462,468,125
463,477,609
460,470,801
464,470,110
465,466,889
464,451,119
465,456,596
463,463,797
462,473,111
463,474,890
462,460,121
463,462,597
462,457,799
465,459,108
465,468,889
461,469,124
465,464,589
466,459,807
463,460,103
464,462,887
463,458,121
466,457,582
466,452,810
466,454,102
467,461,886
464,458,121
466,459,576
464,468,822
465,469,111
464,462,887
463,451,119
462,453,572
462,457,821
461,450,105
464,453,884
465,461,124
463,462,572
464,464,827
464,466,107
465,462,887
466,464,124
464,465,564
465,467,836
463,458,106
463,461,886
463,458,123
465,457,555
466,467,843
466,467,112
466,468,888
461,463,125
463,466,570
468,466,845
464,466,105
467,459,885
462,462,126
463,460,553
464,460,847
459,451,103
459,454,883
460,463,125
463,463,560
466,467,857
462,463,110
466,468,887
464,451,120
466,458,553
463,471,862
463,465,111
467,458,884
465,458,126
465,462,540
466,458,863
460,461,108
465,461,885
461,461,125
465,466,543
464,459,865
467,464,109
467,479,891
462,477,129
464,475,532
464,470,879
461,470,114
467,474,889
468,469,132
463,461,524
464,454,871
464,458,110
466,460,884
464,463,126
463,471,527
466,461,880
462,461,107
465,464,886
461,466,131
463,471,517
460,469,881
460,463,110
465,466,886
462,458,127
463,465,509
462,471,889
467,466,113
464,471,887
462,463,130
466,464,503
470,465,887
464,472,114
462,481,890
463,475,144
463,473,504
465,465,888
464,465,108
462,474,888
463,475,139
461,472,495
466,464,888
465,455,107
463,461,884
463,469,142
463,472,490
463,470,898
465,474,115
465,466,886
463,455,143
465,449,474
466,455,894
461,454,105
464,457,883
465,455,147
463,452,475
466,456,893
467,460,109
464,469,885
462,466,155
464,467,472
466,472,897
463,470,112
465,463,884
463,455,157
463,460,464
464,457,899
463,460,111
465,470,886
464,474,166
464,476,466
465,475,904
464,470,114
467,467,885
464,468,167
463,464,457
465,472,900
467,467,113
465,466,885
463,468,172
466,466,455
462,463,894
464,464,110
466,471,886
465,477,183
464,464,444
464,467,902
463,460,107
466,466,885
464,464,179
464,477,445
463,479,902
466,481,115
464,477,889
465,474,186
464,477,437
468,479,900
461,480,115
465,480,890
464,480,194
464,483,433
465,488,910
464,488,117
465,487,891
463,481,196
462,480,426
463,478,905
464,474,112
465,471,887
468,469,205
458,473,424
467,477,905
464,476,112
466,479,889
467,476,212
464,483,421
464,477,903
465,484,116
464,490,892
466,487,220
463,485,412
464,486,911
459,497,121
458,493,893
461,492,239
464,480,408
464,485,909
463,487,116
466,482,889
465,483,237
464,480,403
466,481,905
462,487,117
465,482,890
463,476,243
461,474,392
464,469,900
465,471,112
465,473,886
459,471,254
464,469,382
464,472,907
463,477,114
466,476,888
464,476,261
463,475,384
464,472,908
464,473,112
466,476,888
467,473,274
466,477,376
466,480,903
465,479,113
462,476,888
464,465,272
463,463,365
466,466,908
466,467,110
466,468,886
463,460,272
461,455,354
463,461,905
464,467,110
462,465,884
466,468,280
463,468,357
464,469,902
462,469,111
461,475,887
463,465,286
464,465,349
464,476,905
463,477,114
463,475,887
464,467,283
464,467,339
465,465,906
463,464,110
464,467,884
463,461,293
464,461,329
462,467,905
461,470,114
464,468,885
464,463,293
463,474,331
465,474,903
465,469,114
463,476,888
465,472,303
462,472,320
464,470,900
463,476,116
464,473,886
463,468,300
462,465,314
465,465,908
467,457,433
466,458,882
464,475,303
460,483,319
460,477,906
463,481,118
461,488,891
463,480,311
467,477,308
464,468,901
467,477,116
467,475,886
466,480,311
465,471,304
466,474,902
464,469,114
467,471,886
466,474,316
462,470,302
462,460,904
460,458,109
467,467,885
463,470,318
464,472,297
467,477,912
465,476,117
465,477,887
466,473,324
465,471,290
464,464,896
462,462,112
465,472,886
459,469,325
460,464,282
463,470,903
461,473,115
465,463,884
464,471,331
464,468,279
465,469,907
461,461,110
464,456,880
464,457,332
465,461,271
463,456,896
465,448,105
465,459,881
464,458,341
462,461,266
462,457,894
461,452,107
464,452,879
462,456,342
465,458,261
462,452,899
462,459,110
464,459,881
466,457,350
464,457,259
463,463,899
462,460,110
462,449,878
463,451,356
466,445,247
465,440,888
461,454,108
463,453,879
465,458,366
463,462,247
463,462,899
464,464,112
466,455,879
462,453,365
462,458,239
466,468,903
465,472,115
463,474,886
461,463,378
464,461,240
466,459,898
463,457,109
465,462,881
464,453,380
464,450,230
463,452,891
462,454,108
468,459,881
463,464,407
461,471,231
464,470,903
463,474,115
467,470,884
463,480,416
462,482,227
469,477,905
464,474,118
465,476,886
463,481,424
462,472,217
464,468,903
464,466,113
464,463,881
465,463,424
466,461,212
463,465,898
467,464,113
465,469,883
462,471,418
464,467,207
463,462,895
462,470,118
461,472,884
464,470,430
463,462,196
464,453,897
462,455,112
463,454,877
463,459,438
465,458,191
466,456,898
464,464,115
464,466,882
467,472,448
466,470,189
465,468,896
465,477,120
462,474,882
464,469,447
466,460,178
464,470,895
461,474,119
460,470,883
461,475,461
465,475,180
468,472,901
465,462,116
464,464,880
466,466,459
463,466,169
462,465,896
460,463,116
461,473,882
463,465,470
463,470,162
465,466,896
465,466,116
466,470,880
464,472,474
462,477,167
466,473,900
463,473,120
464,480,885
462,485,477
463,487,164
466,477,904
465,479,122
463,484,885
462,471,479
462,469,148
464,460,893
466,461,116
467,459,876
466,458,474
463,465,145
463,466,894
466,467,118
467,467,878
463,460,470
465,463,136
467,468,900
465,469,119
461,465,881
463,461,487
464,461,133
462,467,894
463,462,116
466,462,877
465,471,494
464,474,130
464,474,898
465,468,119
463,465,878
465,471,498
462,469,124
462,467,894
462,467,118
468,465,877
462,464,497
462,464,121
467,464,897
467,460,116
463,457,876
463,463,507
465,466,108
465,468,896
463,473,121
465,476,880
465,464,509
466,468,109
465,471,895
463,470,120
464,473,878
464,469,515
463,467,106
464,463,891
462,468,119
465,474,879
465,474,510
460,467,108
464,474,897
464,478,122
464,476,880
463,473,526
463,485,110
463,475,896
464,472,120
465,470,877
461,472,525
462,470,106
467,474,894
463,469,121
467,479,876
464,477,528
464,483,111
467,481,899
462,478,124
461,484,878
464,483,544
463,490,116
466,498,903
462,495,130
464,490,875
462,486,550
462,494,115
465,498,904
464,493,129
466,488,870
465,483,555
463,488,116
465,484,903
464,484,126
468,474,866
467,463,554
468,470,108
469,464,895
463,459,117
464,455,855
465,456,557
465,463,99
464,471,897
462,479,124
463,480,859
463,483,571
466,485,109
465,483,899
463,485,126
463,486,856
465,482,573
463,483,109
462,473,895
463,475,123
466,474,845
466,471,577
464,479,109
466,480,896
466,475,123
462,478,845
463,475,581
463,476,109
464,471,893
464,461,118
465,465,833
464,471,587
465,473,107
466,480,897
463,473,123
464,477,820
464,472,598
462,481,112
464,479,899
461,474,123
464,478,815
465,473,599
464,466,107
464,467,896
467,472,122
465,468,806
466,474,607
465,481,109
464,483,901
464,480,126
467,480,799
467,477,613
464,471,105
465,469,896
466,469,121
464,466,793
463,464,610
463,461,106
465,464,896
463,466,120
465,465,782
462,462,613
463,463,98
463,468,897
464,460,118
465,466,763
466,470,626
465,466,102
464,459,894
466,462,118
462,468,766
463,466,628
465,463,101
466,472,898
466,479,522
464,483,764
464,480,634
466,479,109
462,482,900
462,484,126
467,488,763
465,477,637
466,477,106
465,477,900
462,478,123
466,483,754
462,479,645
461,468,101
465,473,898
461,472,121
465,470,736
463,473,647
463,473,107
465,480,900
462,469,121
466,484,734
464,486,654
462,482,109
460,480,900
460,475,123
463,480,737
465,483,665
465,479,102
463,478,901
462,475,123
464,469,728
463,473,665
460,478,105
463,480,901
464,479,124
464,484,725
464,476,669
463,473,109
464,471,898
464,471,121
465,477,723
465,469,674
461,470,107
464,466,896
464,458,117
464,462,717
463,467,680
464,470,96
465,469,896
463,472,122
464,468,711
465,464,682
467,467,101
465,480,900
465,485,127
463,486,713
465,493,704
462,481,112
465,482,899
465,479,124
466,479,709
467,478,704
464,470,107
464,472,896
464,464,118
464,467,701
464,466,710
462,469,97
464,465,894
465,463,119
465,465,697
463,465,713
465,461,97
464,466,894
462,478,125
464,479,700
465,482,729
465,484,111
466,482,898
463,481,125
464,482,703
465,478,728
463,473,107
463,470,895
464,471,121
464,469,694
468,474,733
462,469,103
470,467,893
466,469,121
464,475,690
465,479,740
466,474,105
465,471,895
464,469,121
465,463,682
466,453,735
465,457,104
464,458,891
464,464,120
467,481,690
463,477,746
462,470,102
465,474,895
465,472,123
465,467,680
462,467,746
463,462,100
463,462,891
462,458,117
462,459,667
464,469,757
466,472,109
465,474,896
460,462,119
462,461,664
463,469,759
463,471,111
464,466,894
464,466,119
463,468,670
465,462,765
465,469,102
463,470,894
461,467,121
463,460,658
463,462,767
462,464,104
463,462,891
463,465,121
463,463,651
462,467,772
465,465,108
462,474,896
464,476,125
466,479,650
469,474,777
465,467,109
465,466,893
465,469,122
463,466,643
467,458,777
464,460,97
466,466,894
464,462,120
462,466,635
464,468,783
462,472,108
465,463,892
464,457,117
463,446,620
464,444,782
464,448,103
464,455,889
465,460,120
466,463,619
469,464,796
464,459,98
463,462,891
463,464,121
463,472,617
462,470,800
460,471,99
465,470,894
464,467,123
464,468,604
464,469,806
465,470,106
465,470,894
464,469,124
463,467,598
463,475,813
463,478,112
464,476,894
463,474,125
463,466,592
464,470,818
462,469,110
464,474,894
462,474,126
464,474,586
468,463,816
462,458,102
463,459,889
463,471,123
463,467,583
463,474,827
464,470,108
467,472,891
465,462,122
465,466,552
465,465,830
462,464,110
463,464,891
461,460,121
462,461,569
464,459,830
462,454,99
466,458,887
465,459,121
464,456,564
462,459,833
463,458,103
464,458,887
463,467,124
459,470,563
464,474,844
465,472,112
468,473,892
465,471,125
463,475,545
464,478,848
461,476,114
461,472,890
461,475,128
463,473,544
465,468,848
464,464,104
468,464,888
465,473,127
463,467,546
465,469,856
463,469,110
462,469,890
464,466,125
464,464,536
465,465,862
462,459,108
463,459,886
463,464,124
464,463,525
466,466,875
466,467,113
464,466,888
464,467,126
464,467,519
464,463,879
461,463,104
466,463,886
465,452,120
465,451,510
464,450,878
461,452,106
465,467,888
466,469,129
467,464,507
467,465,892
464,467,112
465,473,890
462,469,130
463,470,508
469,467,898
464,463,105
465,457,884
460,465,127
462,471,504
464,477,903
460,475,114
464,473,889
466,470,128
467,473,499
465,475,909
462,462,110
463,468,888
463,470,130
464,460,490
465,456,899
462,458,109
464,462,885
463,459,128
459,460,486
462,467,901
465,465,112
465,467,887
464,465,129
465,467,480
466,464,900
465,451,105
464,469,887
465,467,129
461,472,475
463,476,907
464,473,116
468,474,888
466,476,137
462,481,471
466,483,906
464,475,115
466,478,890
465,467,142
467,477,469
467,477,903
466,479,112
465,482,890
464,477,148
462,471,454
464,468,899
462,462,109
465,468,886
463,464,154
463,459,442
463,468,905
464,465,109
466,462,884
466,462,162
465,464,434
464,466,903
462,460,109
463,458,883
463,460,172
464,460,425
465,452,894
464,463,111
464,475,888
468,467,878
463,462,420
464,464,897
464,465,112
464,471,887
462,471,195
464,475,417
464,474,906
464,472,113
465,472,887
464,474,209
462,473,410
463,470,902
464,465,110
465,470,886
464,470,218
464,473,405
461,464,898
466,465,110
464,462,884
462,465,231
464,473,398
465,470,899
464,466,109
463,470,885
464,471,243
463,465,387
462,466,903
462,470,110
466,470,886
468,470,257
464,480,386
465,470,905
464,471,111
467,485,888
466,471,266
461,471,376
465,475,904
462,479,113
463,488,892
461,484,278
457,488,376
460,482,912
463,475,112
463,470,886
466,467,282
462,470,361
463,473,906
462,477,113
466,463,884
465,454,286
462,464,356
466,464,899
464,466,109
463,464,884
465,460,294
467,461,347
465,467,903
462,464,109
464,459,883
464,464,298
462,459,334
460,465,903
461,461,107
465,463,884
464,475,306
462,468,327
462,464,906
466,460,107
468,465,885
466,468,311
462,466,325
462,463,905
465,454,106
464,462,884
463,454,311
464,440,307
462,451,897
462,453,106
464,450,879
467,446,309
462,441,299
463,451,902
464,449,105
465,449,879
462,449,318
463,454,296
467,459,905
465,462,110
465,462,882
465,459,323
465,469,295
464,464,902
464,456,109
464,457,882
464,459,327
463,461,286
463,476,903
462,474,116
465,481,889
463,468,326
464,469,280
463,475,908
462,476,116
461,471,886
466,476,339
464,472,276
465,478,908
464,475,116
462,480,889
463,475,340
463,461,268
466,460,898
464,452,108
460,457,882
465,464,343
462,462,265
466,458,897
465,460,110
467,465,883
466,449,341
465,449,255
463,462,903
463,459,111
462,459,882
460,459,350
463,464,251
469,458,899
464,456,109
461,457,881
464,449,354
460,452,243
466,453,896
465,454,108
465,453,880
465,449,352
462,451,238
465,463,894
464,463,112
464,457,881
464,460,361
461,457,236
465,448,896
461,444,104
459,448,877
465,447,366
462,446,223
463,450,895
461,451,108
466,454,879
461,456,381
460,453,225
465,455,894
463,457,109
464,455,879
462,451,380
459,450,217
463,457,900
465,455,109
464,455,880
464,459,387
464,455,215
464,452,898
466,451,106
461,453,879
460,451,392
464,449,211
465,453,894
464,444,104
465,446,877
462,442,399
464,447,203
464,446,892
462,452,107
464,455,879
462,463,414
461,463,204
465,468,897
465,475,118
466,472,885
465,470,419
460,476,205
466,482,906
463,473,114
466,472,884
465,479,435
463,485,197
464,491,910
464,487,121
465,472,884
467,474,440
462,474,194
465,482,902
465,479,120
463,476,885
465,477,443
463,473,187
463,472,901
463,465,114
464,464,880
466,472,455
464,470,180
463,468,901
464,468,116
463,469,883
465,476,457
463,474,176
463,475,904
465,470,117
463,467,881
463,465,480
463,467,170
464,460,894
463,460,114
464,462,879
463,469,468
462,478,165
461,479,904
460,481,122
461,482,885
466,477,485
465,470,161
467,469,902
464,468,117
462,458,878
466,465,492
464,470,147
463,467,895
463,466,116
463,473,882
462,467,486
464,469,145
462,473,897
464,473,120
466,468,881
463,457,482
464,464,133
464,469,901
462,463,116
465,456,876
466,460,492
466,461,130
465,471,896
467,466,118
465,462,879
462,461,495
459,466,123
463,472,897
466,480,122
466,479,883
462,474,507
461,477,122
462,476,896
465,469,119
463,470,879
464,471,507
464,475,117
467,476,902
465,476,121
468,475,883
466,480,515
465,488,118
465,487,902
464,491,127
464,494,886
464,490,529
464,487,108
464,482,897
462,491,128
462,490,884
464,487,529
464,484,110
468,480,897
462,480,123
464,479,883
466,482,529
465,490,111
462,490,904
464,485,126
461,472,880
463,465,532
464,465,98
466,468,893
463,466,119
464,476,881
464,467,525
465,454,97
464,452,889
464,452,114
462,460,873
463,467,532
461,457,100
464,464,891
465,464,118
464,469,874
463,455,539
463,464,104
462,476,899
462,470,121
464,457,870
463,455,542
465,461,104
466,470,898
465,472,121
466,465,866
464,462,551
462,470,104
465,472,895
463,467,120
459,461,850
464,464,563
466,462,103
462,455,890
463,454,115
467,462,850
464,465,570
461,474,123
464,473,896
465,478,123
465,478,849
465,476,582
467,480,109
468,480,899
465,479,124
465,478,834
466,472,586
466,464,103
464,470,894
464,480,125
463,477,826
462,477,596
464,472,109
465,476,896
468,469,121
465,468,818
467,478,605
464,474,111
464,482,898
463,489,129
464,489,819
462,493,613
464,495,113
463,490,901
464,488,128
462,488,799
462,489,619
464,478,106
466,485,901
466,487,128
464,489,787
463,485,623
464,487,115
463,480,900
464,473,122
464,474,787
464,475,627
466,467,107
464,473,898
463,473,122
464,474,771
464,483,633
466,472,101
465,471,898
462,471,122
464,471,768
463,469,634
463,469,103
467,474,900
465,473,122
464,474,753
462,474,639
463,482,113
465,472,899
464,470,121
464,481,751
464,479,649
464,472,107
464,471,897
466,474,122
463,471,743
462,478,654
464,478,101
463,483,901
465,490,129
462,490,752
464,492,659
464,494,111
465,495,904
463,494,130
461,501,750
461,489,660
463,488,115
462,488,903
463,499,132
465,492,742
466,487,667
464,481,111
465,480,901
464,485,127
465,493,741
463,494,673
463,481,102
463,474,899
464,475,123
463,472,726
464,475,673
463,470,103
463,475,900
461,479,124
463,475,720
464,472,676
464,482,110
463,470,897
463,471,122
462,468,718
465,473,685
463,468,96
463,465,895
462,469,121
465,474,712
466,469,685
462,464,97
463,469,896
465,471,122
463,474,709
465,482,699
461,482,111
462,476,898
464,474,123
461,473,704
462,477,706
462,484,113
464,480,899
466,481,125
466,478,708
464,482,712
461,482,103
463,469,895
463,473,122
459,474,699
462,478,717
465,473,101
461,472,896
466,466,121
466,468,692
467,472,717
462,470,107
463,462,892
464,465,120
461,475,694
465,477,726
463,473,107
461,471,894
465,464,120
465,461,690
466,462,727
463,463,96
465,469,893
462,469,122
465,469,688
464,469,734
464,471,103
465,473,895
462,477,124
463,479,685
465,478,742
466,475,111
464,470,894
467,468,122
464,476,680
464,470,744
465,466,107
463,472,895
464,466,120
466,466,680
464,475,748
463,480,106
464,476,895
463,471,123
463,473,676
462,474,750
461,468,104
465,476,896
465,473,123
463,477,668
465,482,756
463,483,114
467,470,894
465,466,120
464,465,667
464,467,761
463,461,107
464,471,895
464,464,120
465,467,657
465,472,768
460,474,103
464,474,896
464,472,123
463,472,658
466,473,773
464,475,104
464,469,894
467,469,121
466,460,649
462,468,778
462,467,107
466,463,892
463,464,120
464,473,650
463,482,789
461,475,111
466,467,893
466,466,120
464,462,641
465,462,785
464,472,103
467,474,895
464,469,122
466,461,631
466,466,788
464,462,99
465,468,894
464,480,126
467,485,635
464,488,797
463,480,112
463,472,896
466,475,124
461,467,627
463,461,794
464,460,98
464,461,891
465,468,123
468,467,613
464,462,801
465,467,102
464,473,895
468,481,127
467,481,613
466,482,814
464,481,113
464,482,898
467,481,128
466,477,602
467,474,810
467,479,113
467,478,896
468,478,126
465,478,606
466,485,823
465,483,108
466,474,892
467,468,123
464,468,587
465,471,817
463,467,103
463,478,894
465,485,128
465,487,589
466,483,829
462,482,114
464,488,899
464,493,132
465,498,589
465,503,834
464,506,121
464,503,901
465,498,134
463,500,588
463,496,840
467,496,115
467,491,899
465,494,133
464,485,571
463,482,848
460,479,112
468,486,895
462,481,128
463,472,560
462,472,845
466,476,113
466,478,892
465,473,125
467,470,546
464,477,851
464,479,115
463,489,896
464,491,133
466,481,537
463,488,858
465,482,112
467,483,894
465,483,130
463,488,535
465,492,864
464,488,118
466,496,898
462,496,134
465,500,534
465,497,874
465,498,121
465,498,899
465,483,131
466,476,536
465,476,872
463,468,105
465,466,887
462,466,125
463,469,528
466,475,876
465,472,108
462,469,889
465,466,124
464,461,519
467,457,880
465,460,105
466,460,885
464,466,125
465,464,510
465,468,886
465,466,112
467,475,890
464,468,126
466,465,514
465,472,889
464,466,112
466,470,889
463,464,127
463,458,507
461,457,892
463,467,261
465,463,887
462,457,124
464,455,501
463,467,904
464,468,112
462,462,886
467,461,123
464,462,500
463,469,902
464,471,114
466,478,891
462,476,133
465,477,500
466,483,908
464,479,113
464,477,891
463,474,129
461,473,494
466,479,908
463,471,113
466,471,889
461,473,133
461,467,488
465,476,910
460,477,117
461,471,887
465,460,124
466,463,481
465,473,906
465,472,116
462,474,888
462,482,134
462,478,485
464,473,905
464,473,110
464,470,887
465,472,136
464,472,474
466,472,901
466,463,110
464,464,886
466,462,132
464,462,472
465,464,903
463,461,111
464,460,884
463,458,133
464,455,466
462,447,894
463,442,105
466,444,878
461,446,134
463,439,455
463,447,892
465,445,100
466,447,880
462,448,146
463,441,448
466,447,889
464,442,100
462,438,877
462,444,135
463,443,453
463,448,897
463,454,107
462,457,882
464,454,149
464,450,446
462,451,895
465,451,105
463,448,880
466,444,156
462,454,438
464,452,895
462,463,110
466,463,885
464,457,169
463,455,432
463,457,898
462,453,107
464,450,880
462,462,185
462,452,423
464,455,897
463,449,107
466,448,879
461,459,189
464,472,424
460,471,903
466,461,110
463,452,880
463,450,198
461,458,413
463,453,897
463,444,103
465,446,878
461,448,202
462,451,404
462,456,898
464,460,108
464,458,883
464,446,215
463,444,397
466,448,895
465,447,103
464,448,879
463,450,219
459,453,393
465,451,895
462,457,106
466,455,881
464,459,242
464,460,391
465,463,901
464,456,106
463,455,882
464,460,246
461,454,383
464,446,896
465,451,103
466,452,881
462,455,252
463,459,377
463,463,902
465,458,106
465,458,883
465,454,254
464,450,373
466,449,898
465,448,103
464,454,880
464,456,269
464,463,367
463,458,900
462,453,105
465,450,880
462,455,273
464,456,361
460,457,900
462,449,103
465,454,882
463,454,274
464,453,359
466,454,896
462,453,104
463,451,880
464,446,286
465,450,353
466,453,895
466,453,105
464,456,882
464,462,290
465,463,355
463,468,903
465,464,108
462,464,884
461,473,290
463,467,352
462,468,908
464,465,109
466,473,887
465,474,304
465,471,346
467,469,906
465,472,112
464,469,886
464,473,304
462,470,343
461,471,905
464,468,110
465,458,883
463,453,304
462,454,333
464,453,898
464,454,105
467,464,884
465,471,304
466,476,339
463,479,910
461,477,113
467,480,889
468,476,313
462,465,327
465,471,908
462,479,114
465,472,887
464,470,316
465,473,325
465,477,910
463,479,114
467,478,888
462,476,320
465,475,324
462,478,902
462,474,113
467,486,890
464,479,320
462,476,319
465,472,905
466,467,111
464,471,886
464,470,325
463,468,311
467,468,907
461,466,111
467,461,883
465,457,319
463,461,304
464,468,909
464,472,113
466,476,887
465,470,327
465,462,300
464,469,903
464,470,113
465,465,884
464,464,323
463,458,293
465,462,900
465,459,110
466,466,884
463,463,324
465,462,292
466,464,907
465,467,113
467,477,888
463,478,335
464,479,296
465,479,903
466,471,114
466,477,888
465,478,337
463,478,292
464,473,900
463,469,114
465,479,889
464,479,338
463,477,286
466,468,909
464,468,113
462,467,884
461,474,338
462,483,283
465,485,912
464,475,116
465,466,884
463,456,335
464,462,272
464,476,909
463,477,117
462,471,885
469,474,344
464,467,273
461,468,902
462,462,111
462,457,881
465,460,333
463,457,268
461,459,900
458,453,108
462,454,881
465,455,337
465,457,266
465,458,901
466,465,113
466,459,882
464,462,345
462,454,262
461,456,896
462,455,108
464,453,880
464,456,345
463,458,260
464,464,896
464,453,108
465,448,878
465,448,339
463,455,258
465,458,901
463,461,111
462,456,881
462,460,349
464,456,253
463,455,900
465,451,108
463,449,879
464,457,353
462,471,257
465,463,900
463,462,112
464,462,882
465,454,357
465,447,243
467,445,891
462,440,103
461,443,876
465,453,352
464,456,241
464,457,901
463,450,107
466,448,879
462,453,358
461,454,238
464,455,902
462,461,111
459,465,883
466,460,367
463,459,233
465,463,898
464,466,113
464,476,886
466,473,377
465,465,235
461,466,899
467,465,324
468,465,580
466,457,229
466,453,899
466,457,110
467,458,879
466,456,377
465,460,223
466,463,901
463,468,113
466,464,883
465,459,383
463,456,224
465,464,896
465,463,111
464,459,880
464,464,386
462,460,221
464,458,893
465,460,110
463,464,883
460,463,392
465,464,220
463,469,904
464,462,111
464,462,883
463,462,393
460,467,218
463,476,902
460,478,116
467,478,887
467,480,401
464,486,224
465,479,903
462,478,117
466,475,886
466,465,401
466,467,215
461,470,904
463,475,115
463,476,886
461,471,402
466,464,214
465,465,903
465,464,112
466,469,883
465,473,409
462,482,219
466,480,901
465,471,115
464,467,884
464,465,416
464,464,208
461,459,896
462,455,108
464,452,878
463,454,408
464,463,204
462,465,896
466,462,110
464,458,880
463,462,418
463,457,200
464,471,904
465,464,113
462,466,882
464,461,421
462,457,199
464,459,896
464,457,109
465,456,880
462,466,431
461,473,203
464,463,898
461,455,108
465,454,878
463,454,423
463,454,195
466,454,899
463,453,111
462,458,879
463,462,428
464,466,197
464,469,899
464,465,114
464,463,880
463,462,433
463,466,193
464,462,900
465,455,109
464,461,880
464,463,437
464,461,190
466,460,896
464,460,114
463,458,879
463,451,432
465,448,182
465,448,893
464,440,104
465,442,873
462,457,440
460,460,186
461,475,903
463,463,115
465,465,882
466,468,443
466,472,185
467,466,898
463,462,115
463,466,882
465,469,450
462,465,180
462,470,897
463,473,118
466,484,887
465,480,474
464,474,183
466,471,903
461,466,115
462,467,882
461,468,471
466,474,181
466,480,903
463,484,122
464,489,888
462,482,480
465,478,174
466,483,902
463,485,122
463,486,887
463,477,483
464,474,174
465,465,897
465,471,118
462,477,884
463,475,462
463,473,171
466,465,901
464,459,113
459,464,880
461,470,467
463,472,161
464,475,900
463,472,119
465,466,881
465,469,469
465,469,163
464,468,899
464,464,116
461,464,880
465,460,465
464,456,158
465,462,894
464,464,116
464,468,881
468,470,472
464,467,160
466,461,896
465,461,115
463,466,880
464,464,477
466,459,148
462,462,898
460,460,115
465,470,881
466,475,482
463,463,150
462,477,897
462,478,121
463,481,885
465,473,478
464,469,153
465,472,898
467,463,116
465,465,880
465,470,488
464,471,151
463,466,898
463,470,118
465,470,881
463,464,485
465,464,139
465,474,899
461,479,122
462,476,884
465,478,493
463,478,144
466,480,899
466,468,118
464,468,880
461,472,495
467,480,145
465,482,902
464,481,122
466,476,883
465,471,493
464,477,144
466,483,901
465,486,124
466,492,887
463,495,503
464,489,140
464,492,902
466,483,124
466,475,883
463,478,501
462,481,135
464,476,897
461,474,121
463,471,880
465,474,500
465,468,132
462,475,902
463,469,118
462,471,883
464,476,498
461,467,127
464,467,896
465,476,121
466,481,883
463,478,502
463,470,123
462,474,899
464,472,120
466,470,881
465,472,500
461,475,124
464,485,899
467,483,123
464,477,881
464,479,502
464,482,125
462,491,906
465,481,123
465,482,885
466,484,513
465,490,118
465,490,902
464,479,122
464,482,884
464,483,518
465,478,116
466,486,901
465,488,126
465,487,883
466,482,514
466,486,117
463,482,899
462,481,124
463,486,886
464,480,514
462,480,114
463,483,901
464,486,125
465,492,885
464,493,524
461,494,112
463,493,903
462,489,127
461,493,886
466,489,525
464,482,108
464,482,898
462,486,126
464,470,879
464,464,514
463,475,108
463,479,900
463,473,122
465,475,883
466,488,528
466,489,112
463,489,902
465,486,125
464,486,883
464,492,532
466,486,106
462,476,897
464,484,125
464,484,885
464,487,532
464,484,108
465,479,897
469,481,124
466,482,882
467,482,529
465,480,109
466,484,903
466,481,124
467,475,884
466,474,528
466,474,107
463,470,895
464,463,118
463,464,876
464,473,534
464,473,102
467,473,896
465,466,119
464,461,878
464,461,531
465,451,98
468,458,890
464,457,116
466,462,873
466,466,532
463,463,102
463,467,894
463,465,118
463,466,877
464,469,536
465,462,99
469,458,893
463,457,116
464,457,185
465,458,526
465,456,98
465,454,889
464,455,114
462,456,867
464,457,533
465,452,98
462,470,895
463,472,120
463,462,870
466,467,540
463,466,105
462,465,894
464,457,115
466,451,870
466,447,535
462,458,96
463,458,891
465,460,117
463,466,871
465,461,543
464,455,100
464,460,891
463,462,118
466,462,871
465,471,546
465,473,107
467,468,896
464,469,120
461,476,875
463,473,550
463,466,106
465,470,895
463,477,123
462,483,877
462,475,554
462,470,101
466,466,893
462,467,119
463,468,866
466,461,552
464,454,103
462,456,888
465,456,115
463,446,862
465,452,547
465,461,105
463,451,892
463,447,112
464,448,861
466,461,551
462,464,100
460,462,893
465,463,118
463,459,863
462,463,549
466,455,100
465,460,892
466,465,118
463,469,866
464,470,555
464,462,103
464,458,890
466,465,119
467,467,859
464,472,555
465,465,106
466,464,895
463,466,119
463,470,856
464,470,562
466,469,107
465,471,897
467,466,119
463,458,845
466,466,566
462,468,105
467,462,892
467,467,119
466,468,852
461,471,568
462,473,108
464,468,895
464,472,121
462,466,848
464,465,567
467,462,105
464,463,895
464,465,119
462,471,849
463,469,573
462,463,100
465,462,893
467,472,121
464,468,850
465,472,577
465,467,105
462,470,899
463,468,120
467,472,842
466,471,575
465,468,109
465,472,897
464,468,120
463,471,839
464,475,581
466,478,113
463,477,897
464,478,124
465,470,836
465,471,583
462,465,101
464,463,894
466,467,120
466,468,832
464,466,584
465,474,108
463,474,897
462,467,120
466,458,816
469,459,585
464,464,106
466,471,895
464,472,122
465,467,835
466,465,586
466,456,105
464,463,892
464,469,121
461,471,835
464,464,584
465,465,103
465,464,891
464,464,119
466,466,824
464,472,588
463,470,105
461,467,892
464,454,115
465,454,820
468,460,586
466,462,104
462,464,891
465,465,119
465,457,821
464,465,591
462,470,104
465,465,892
464,461,118
465,459,819
465,456,587
462,458,101
464,465,892
462,463,119
463,467,819
464,458,589
461,450,102
464,455,889
465,462,118
464,457,811
463,448,591
462,454,104
464,465,892
465,465,119
463,470,816
467,471,604
462,469,105
465,464,893
463,464,118
461,466,803
466,475,610
462,471,106
460,474,896
466,472,123
464,460,793
466,461,603
462,471,108
464,473,896
463,467,119
463,471,802
461,472,610
461,468,109
465,464,893
464,462,118
464,464,795
462,459,605
463,462,101
465,466,894
465,469,121
462,468,793
465,470,613
465,471,104
465,479,899
462,481,126
464,477,784
465,472,612
466,477,110
466,478,899
461,480,125
465,483,796
465,482,623
464,470,104
465,473,897
464,472,122
463,479,782
464,480,625
465,469,105
464,467,896
464,470,121
462,470,775
463,471,623
462,465,107
466,470,897
461,469,121
461,458,771
464,460,622
467,465,107
464,467,896
463,474,123
465,483,784
465,483,631
464,475,103
464,473,898
464,471,122
462,467,767
463,467,628
464,471,105
463,479,900
464,475,123
464,473,756
464,477,633
461,480,110
461,479,901
468,478,125
464,480,762
464,489,637
468,480,111
466,482,901
463,479,123
462,474,769
466,461,631
465,453,98
464,459,895
465,462,118
464,458,751
469,454,636
467,453,102
466,452,892
463,462,118
465,466,748
463,462,639
466,467,105
465,472,899
462,474,123
461,464,752
464,471,646
464,468,98
465,466,897
467,467,120
467,472,746
466,476,650
464,471,101
466,467,897
466,471,121
465,463,740
465,466,644
461,462,100
462,468,897
465,462,118
465,463,738
464,470,646
465,464,103
465,464,895
465,464,118
467,460,745
463,452,639
464,453,96
461,472,899
463,466,120
467,460,733
466,469,651
463,467,101
464,463,896
463,465,120
463,469,737
465,472,653
464,473,107
463,471,898
467,465,118
464,465,728
462,465,651
464,466,105
464,466,896
462,470,121
462,476,740
464,467,655
463,459,94
466,450,891
467,451,115
465,454,721
465,449,654
465,451,96
463,454,892
464,454,115
464,463,725
463,460,656
464,451,101
465,453,892
462,458,117
463,451,716
465,449,657
463,446,99
466,451,892
465,458,116
465,455,718
462,465,891
463,464,99
460,463,895
465,459,116
465,456,719
463,452,659
461,447,99
464,447,890
464,454,115
464,456,716
462,457,663
465,464,104
465,473,899
464,473,122
464,468,721
462,464,668
464,464,105
463,468,898
463,473,122
466,462,717
463,455,670
461,457,96
463,453,892
466,461,118
465,467,713
463,461,670
463,454,96
464,461,895
460,460,117
465,462,711
464,475,676
460,476,106
461,480,902
463,479,125
466,483,720
466,473,675
467,466,101
464,468,898
464,469,121
465,465,707
464,462,670
462,466,99
462,469,897
466,465,119
463,462,705
464,458,677
465,465,105
464,463,896
462,466,120
463,465,701
463,470,684
461,467,105
466,465,897
465,462,117
466,462,708
465,467,683
464,470,97
469,469,898
465,473,122
464,477,712
462,474,687
463,474,105
463,480,902
465,477,124
467,479,704
466,477,691
466,470,107
467,472,899
465,472,122
464,468,707
464,460,684
466,463,104
465,461,895
465,458,117
464,448,694
463,451,683
460,459,94
460,459,894
464,457,116
463,460,698
467,466,690
464,466,100
463,463,896
463,462,118
466,449,693
466,448,685
463,458,101
464,467,897
462,465,119
462,459,700
463,462,693
461,466,96
464,473,898
464,468,121
465,471,697
464,470,695
464,469,100
466,466,896
464,460,119
463,464,692
463,466,694
465,465,103
467,458,893
463,465,120
467,464,691
463,457,700
462,460,102
463,464,896
464,472,122
464,470,702
465,472,708
467,466,96
469,471,897
461,476,123
464,475,698
467,482,711
463,476,102
464,475,899
463,473,122
461,466,693
462,468,705
462,467,106
462,466,895
460,479,125
464,479,693
465,477,714
468,477,109
464,476,898
467,481,125
462,482,700
462,487,717
464,491,104
463,496,904
464,489,128
463,478,695
464,485,721
463,482,106
461,481,899
461,485,127
463,494,699
464,495,724
469,486,113
462,488,902
463,474,122
462,474,692
465,481,723
465,477,109
468,482,899
466,475,123
464,475,692
465,472,720
462,468,97
461,471,896
461,465,120
465,461,684
465,464,713
465,455,96
463,456,891
464,469,122
464,471,685
462,470,718
462,468,105
465,465,895
465,466,120
463,473,693
461,476,718
462,474,106
462,479,898
464,474,123
463,475,693
462,467,722
462,470,100
467,471,896
464,470,121
465,471,689
461,474,724
464,477,106
463,482,898
464,485,127
462,485,689
464,477,727
464,475,107
459,481,898
461,482,126
465,476,690
463,471,727
463,465,96
464,468,895
462,464,120
466,455,678
462,456,723
464,455,96
464,461,892
461,471,122
462,483,690
462,479,733
462,473,111
463,479,897
463,477,125
465,481,686
462,478,732
462,481,111
463,474,896
466,469,121
467,472,688
467,469,733
464,471,98
465,473,895
462,473,123
464,472,686
465,479,736
465,480,108
463,479,898
463,470,121
460,469,685
465,473,735
463,473,107
466,474,896
463,469,122
467,464,683
465,466,734
462,469,107
464,474,896
464,473,123
468,473,683
463,468,732
461,456,95
462,455,890
464,463,119
464,468,681
465,472,740
466,466,100
466,472,895
465,466,119
466,462,677
466,470,740
464,478,108
461,479,898
463,477,125
464,477,684
463,473,735
462,472,100
467,475,897
459,482,126
461,477,682
465,478,743
463,476,104
464,479,897
465,475,124
469,470,679
465,479,745
460,477,109
463,477,896
467,481,126
467,482,683
461,479,746
462,478,104
466,473,896
463,476,124
463,479,680
466,476,745
465,473,102
465,474,896
463,472,122
463,472,678
461,476,750
467,474,104
466,471,894
463,467,121
463,477,680
464,482,752
462,483,111
467,481,899
465,478,125
461,481,683
464,483,751
463,487,113
464,479,897
463,475,124
461,474,677
464,475,747
463,470,100
463,478,897
462,480,125
462,477,676
464,473,748
464,465,101
464,465,894
463,467,121
465,467,674
464,466,747
463,466,105
465,473,896
466,469,121
464,471,681
464,478,749
463,479,103
463,473,895
463,471,123
464,474,675
461,471,749
462,470,102
461,470,895
464,474,123
466,476,674
465,476,753
463,475,109
464,478,897
463,480,125
463,480,676
462,481,749
463,483,113
463,485,898
465,486,128
468,484,684
463,477,748
462,475,128
463,475,895
463,468,121
464,470,671
465,471,746
462,476,107
462,471,893
467,465,119
463,461,664
462,466,748
463,469,106
464,468,893
463,464,120
466,467,674
467,476,751
464,479,111
468,469,894
462,460,118
464,459,668
463,462,746
467,451,95
468,444,885
464,449,115
462,439,661
466,444,743
463,446,97
466,453,888
462,455,116
464,461,666
461,455,746
464,454,101
465,459,891
466,463,119
463,462,674
463,456,745
464,450,93
467,459,890
466,471,122
462,472,672
464,468,750
464,471,103
466,475,895
464,467,120
463,464,667
465,462,749
464,465,107
464,461,891
462,462,119
464,461,665
466,460,749
464,456,104
463,462,892
464,464,119
465,472,675
464,469,753
463,464,97
465,469,894
461,475,123
459,480,675
464,482,757
464,480,112
463,474,896
463,471,122
464,473,670
464,480,756
461,485,114
465,477,896
464,467,121
464,465,670
466,469,754
462,471,106
463,469,894
463,462,118
463,461,668
464,468,751
462,468,101
464,467,893
462,473,122
463,470,668
466,468,755
464,466,106
463,465,893
463,462,120
462,467,667
463,470,756
462,469,107
467,471,895
465,478,125
461,467,672
464,470,753
461,473,100
465,471,894
465,472,122
464,470,669
464,483,763
467,471,104
466,468,894
465,466,120
464,472,665
463,468,754
462,476,110
465,473,895
464,472,122
463,468,668
463,467,760
463,473,100
466,462,891
463,465,120
462,463,665
464,468,760
465,460,99
465,462,893
466,462,118
465,460,664
463,462,755
466,455,96
464,455,889
463,454,117
462,457,662
463,462,757
465,460,103
463,469,895
461,464,120
464,463,667
464,455,752
467,455,94
464,460,891
462,465,120
462,456,664
464,450,753
465,458,96
467,457,890
465,458,118
467,459,663
466,461,755
464,456,99
467,457,890
463,445,112
466,446,659
465,445,749
463,449,99
467,457,891
463,457,117
465,456,666
461,458,755
461,447,92
464,450,888
467,452,115
466,457,664
467,463,756
463,462,100
466,463,892
464,457,117
464,453,661
463,452,751
465,455,103
466,458,889
465,456,116
462,452,658
465,452,751
462,456,100
465,458,888
465,464,119
464,458,667
464,453,748
464,452,92
465,449,886
465,451,115
465,455,663
467,459,753
462,463,101
468,464,890
465,456,116
463,455,661
463,459,754
464,455,103
465,455,887
465,465,119
462,461,664
465,466,754
464,462,107
462,461,889
466,460,118
464,467,668
464,465,755
465,465,98
470,466,892
464,464,119
464,462,662
464,459,755
462,459,104
462,459,888
460,455,116
463,453,657
463,452,753
465,456,102
463,462,889
463,459,118
465,465,668
467,464,758
463,459,102
463,459,889
462,466,121
462,464,667
465,462,756
464,464,99
465,475,894
462,462,119
463,460,663
468,459,756
465,460,100
463,468,894
464,465,119
463,463,661
464,470,760
463,470,107
466,465,891
462,464,120
462,454,665
462,462,754
462,460,100
463,473,893
465,481,125
463,481,671
464,485,764
464,483,107
465,477,896
465,475,124
465,476,666
468,480,764
464,474,110
464,476,898
464,483,126
465,487,670
463,475,761
459,468,108
468,474,896
464,473,123
463,462,665
464,461,760
462,463,96
460,465,891
461,466,120
464,471,666
462,473,757
461,469,104
463,474,892
464,474,122
461,471,667
462,472,759
463,472,110
463,477,894
462,472,122
464,477,671
465,474,760
465,474,111
466,481,895
467,477,123
465,473,671
467,472,755
465,469,98
465,474,893
467,476,123
465,470,670
465,476,757
462,476,107
463,477,894
464,475,122
466,473,669
466,469,756
463,467,106
461,470,892
465,475,123
465,475,672
466,479,760
463,475,110
466,476,896
467,473,122
464,474,671
465,477,766
459,485,106
462,484,897
463,485,127
465,481,672
466,481,761
462,482,106
463,479,895
463,478,125
464,482,671
467,483,761
462,479,110
464,482,898
464,478,124
464,478,675
464,485,762
462,491,114
465,492,901
465,493,130
465,487,676
465,492,765
462,489,107
466,490,900
463,486,127
464,474,668
466,481,764
465,484,109
464,483,898
464,483,126
464,483,670
467,487,768
466,483,111
465,483,898
467,487,128
464,483,677
464,485,763
465,482,106
464,484,899
460,483,652
462,482,666
466,483,762
467,484,107
465,477,896
463,472,123
463,471,667
467,482,759
462,469,107
467,466,892
462,462,119
464,467,674
465,469,747
462,466,107
464,466,892
461,461,119
464,459,675
465,476,751
462,474,101
464,472,894
461,466,120
462,463,672
465,478,751
462,467,103
462,465,893
464,470,121
467,478,677
463,485,758
460,483,114
462,479,897
462,472,123
464,473,674
463,470,752
464,470,110
466,482,898
461,474,122
461,474,678
465,473,752
461,470,99
462,477,896
465,468,120
464,467,670
464,474,758
463,473,103
461,474,895
463,469,121
465,474,672
466,472,755
465,466,106
462,464,893
465,463,119
466,466,672
466,466,748
461,472,100
462,466,892
461,475,124
463,475,669
463,468,755
464,471,103
467,472,894
464,473,123
462,467,667
462,467,757
463,459,103
463,465,892
464,472,123
467,466,667
464,469,757
463,456,99
463,453,888
463,459,118
465,466,670
463,461,757
468,462,96
464,461,891
465,461,119
466,466,666
465,468,758
464,467,105
463,469,893
459,472,123
462,474,668
463,472,762
465,472,107
460,457,890
463,453,115
462,462,663
463,453,757
467,457,104
463,460,891
464,461,119
464,461,664
467,468,764
461,469,105
465,470,894
465,462,119
465,465,661
462,459,759
465,466,103
464,465,892
462,464,119
463,464,658
466,457,762
463,455,103
466,462,891
466,460,118
466,469,661
464,472,764
464,474,104
464,469,894
460,467,121
463,468,657
467,464,767
464,465,103
464,474,895
461,472,123
464,471,660
463,474,768
466,466,107
466,468,891
465,466,120
464,459,656
464,461,763
464,462,108
464,456,889
464,453,115
463,456,658
464,465,769
466,464,99
465,469,894
466,470,122
468,466,656
467,462,768
461,462,102
464,470,894
462,468,121
467,456,652
465,460,770
462,460,107
460,459,890
467,466,121
465,469,659
460,474,778
462,468,102
464,465,893
463,462,120
463,467,652
464,466,773
464,466,104
465,458,891
465,457,117
463,458,648
464,463,774
467,460,107
468,464,893
464,464,120
461,456,646
467,463,771
465,469,110
466,470,894
465,466,121
465,469,658
463,474,774
462,475,103
464,465,893
463,474,124
463,474,654
464,473,774
462,467,103
461,465,893
465,462,118
463,466,648
465,473,778
464,474,110
464,472,895
462,468,122
461,470,655
463,460,773
464,462,105
467,468,894
463,465,120
463,471,650
463,475,779
460,473,105
466,471,895
466,467,121
465,463,644
464,464,777
466,471,109
466,467,892
464,471,122
464,479,649
466,468,778
463,465,108
462,466,893
467,462,119
463,461,644
467,466,776
465,463,100
465,461,891
463,460,118
462,464,643
464,468,777
462,464,105
461,464,892
464,462,120
464,470,647
464,465,778
464,457,103
466,461,892
464,467,121
465,467,643
465,467,779
466,461,99
465,455,890
460,459,118
463,466,646
463,471,780
462,465,100
462,463,892
465,463,120
466,469,645
461,473,782
464,473,105
465,475,896
464,480,126
464,481,648
464,484,784
463,474,112
463,476,896
465,467,121
462,464,642
465,474,783
463,473,107
463,474,895
466,480,126
463,481,647
464,475,781
464,478,108
462,483,898
465,480,126
464,479,645
465,469,785
461,464,108
462,462,892
462,467,122
463,456,633
464,454,781
462,456,104
465,460,892
467,463,120
466,469,643
467,470,786
466,471,102
466,477,896
467,475,124
465,467,641
466,466,786
461,466,105
465,464,893
463,462,119
464,463,636
464,466,787
463,463,105
463,469,895
464,463,119
461,463,639
464,472,785
461,471,110
463,470,895
464,470,122
462,470,635
465,479,789
463,478,105
462,465,894
464,464,120
463,470,637
464,475,787
463,469,107
462,465,893
464,463,119
467,468,634
464,479,790
460,486,115
461,494,902
463,487,129
464,487,646
465,480,787
463,477,105
462,472,896
465,476,125
467,479,635
465,474,792
464,472,106
465,479,898
462,486,128
463,478,635
465,484,792
464,481,113
465,480,896
463,472,123
465,467,630
462,465,789
467,464,108
466,457,891
464,460,120
464,469,634
466,469,788
462,466,100
461,474,896
464,475,125
464,471,632
462,466,790
464,468,102
462,471,895
463,471,699
464,473,627
466,472,790
466,476,110
464,471,895
461,467,121
464,473,632
467,473,792
466,474,109
463,470,895
467,472,124
463,472,624
463,469,795
465,474,104
465,478,898
465,481,127
467,484,623
466,480,802
461,475,111
462,468,893
464,470,122
466,465,615
464,463,792
463,460,104
466,467,893
463,470,122
461,471,625
465,469,798
466,476,103
467,479,897
466,480,126
463,475,619
465,474,798
462,474,108
462,468,894
463,467,122
462,461,611
465,464,803
465,469,107
464,466,893
464,462,120
464,465,612
465,472,805
465,473,111
465,471,894
464,467,122
464,461,611
464,459,800
465,468,102
464,469,894
463,465,122
465,462,600
461,459,804
461,463,104
463,467,894
465,466,123
461,462,602
466,455,800
466,449,102
467,450,885
465,452,116
462,465,608
466,463,805
462,468,102
464,466,893
464,470,123
465,464,598
467,462,808
463,455,100
464,458,891
462,467,122
464,471,598
462,462,811
464,467,109
465,483,898
463,480,127
463,477,594
462,476,816
465,470,110
464,479,897
462,473,125
463,471,597
466,470,816
465,474,106
464,479,897
462,484,128
464,489,598
465,493,823
465,476,110
467,466,892
465,460,120
465,462,584
463,466,819
467,458,105
465,456,889
463,453,117
466,451,582
467,446,811
462,450,104
466,461,889
464,462,121
463,463,558
467,463,821
465,451,101
466,451,888
462,446,115
462,450,571
467,449,821
466,446,98
468,454,888
468,461,121
464,458,569
462,469,825
459,466,109
462,462,888
462,465,122
464,463,571
465,462,825
465,461,103
468,465,891
464,465,123
465,464,572
465,459,827
463,458,102
464,468,891
464,465,121
466,460,567
463,456,830
463,452,105
464,459,888
462,458,120
462,468,567
466,474,835
467,477,114
464,476,894
464,467,124
465,467,568
465,465,837
462,471,104
464,474,891
462,463,121
464,460,545
463,458,833
463,460,106
462,458,887
463,465,121
463,467,544
463,461,840
463,466,107
465,470,891
464,472,125
461,477,546
462,477,847
463,480,114
464,476,893
462,463,122
465,462,553
464,468,848
462,473,110
463,466,889
463,456,120
466,465,548
465,466,850
465,462,106
464,465,888
466,465,123
465,464,547
467,462,851
466,457,106
466,467,890
465,475,126
463,478,554
464,474,855
466,466,105
463,461,887
466,455,120
461,461,541
465,463,860
464,460,105
468,464,886
466,465,123
466,457,537
466,456,859
466,456,106
462,451,885
463,453,119
463,454,531
463,445,855
463,447,105
465,455,884
464,466,125
463,469,540
464,470,865
464,468,105
463,472,889
462,467,124
462,471,534
463,474,870
465,463,108
466,460,887
463,461,123
464,462,522
466,457,868
463,455,105
466,465,888
464,461,123
465,453,525
465,464,874
466,452,103
464,459,886
466,461,122
465,457,517
464,457,871
464,453,103
467,453,883
463,460,123
464,470,528
466,471,883
462,472,113
465,469,888
463,467,126
463,464,517
462,470,883
460,474,111
464,472,889
465,469,126
466,467,523
468,464,882
467,465,107
463,466,887
464,461,124
464,465,519
464,468,892
465,467,109
466,476,891
463,472,128
462,472,521
464,473,894
464,470,113
467,474,890
463,471,127
464,469,518
464,471,894
463,462,109
462,463,886
463,462,126
463,467,508
460,468,896
466,476,112
465,477,890
463,477,130
462,476,506
465,474,904
464,477,117
464,478,891
463,472,128
465,465,498
466,469,902
464,477,117
462,473,889
463,471,129
465,472,500
464,470,901
463,465,106
465,469,887
463,474,129
464,469,495
464,470,901
463,467,111
463,470,887
462,472,132
464,468,492
467,460,904
464,461,111
466,467,886
466,467,126
464,459,485
463,456,900
464,460,105
466,466,886
464,460,130
462,459,480
463,456,899
463,459,106
464,459,884
463,457,124
464,465,483
464,466,905
461,462,111
466,467,886
465,475,135
463,468,480
465,473,904
461,479,118
466,470,887
465,472,137
463,470,475
465,458,900
460,460,106
463,463,884
461,467,131
466,466,468
462,473,903
461,476,114
466,467,886
466,468,134
464,481,481
464,484,910
463,484,120
466,476,889
464,475,141
465,481,471
465,470,902
466,471,116
467,474,888
467,482,911
463,485,473
461,487,905
465,495,118
467,487,891
465,485,153
464,483,465
466,488,903
465,479,114
465,486,892
464,484,155
464,480,457
466,479,906
464,487,121
463,485,891
464,485,162
466,476,452
464,469,903
463,473,111
467,475,888
466,485,172
464,478,445
465,477,903
463,469,111
464,475,888
466,475,169
468,475,438
468,477,907
464,469,111
461,476,889
463,479,176
467,483,437
467,483,906
464,473,114
466,471,886
465,468,181
465,472,433
466,465,898
464,474,116
467,486,892
465,479,183
465,478,426
467,480,901
469,477,117
466,473,887
466,473,187
462,474,423
463,476,907
465,469,114
463,468,885
465,474,192
466,470,423
464,468,903
464,468,113
466,470,886
465,476,198
464,482,426
465,486,905
465,484,118
462,491,893
462,492,208
464,492,424
467,486,905
462,484,117
464,488,893
463,481,210
463,472,413
466,479,905
466,477,114
464,472,888
465,467,217
463,483,415
464,481,903
462,478,114
465,473,888
463,475,232
464,476,407
465,476,902
461,469,110
462,475,889
465,480,229
465,479,398
464,477,909
463,474,111
466,472,887
463,472,236
464,477,396
463,480,904
465,481,114
466,476,888
464,472,244
462,476,389
468,479,904
464,471,111
465,474,888
467,468,252
461,465,379
465,476,903
463,474,112
462,480,889
463,472,260
463,469,379
465,468,903
462,465,109
459,475,888
468,475,266
465,467,377
464,472,907
464,470,111
464,474,887
462,468,274
465,471,372
465,473,902
462,471,111
464,470,887
464,472,266
461,464,366
464,467,907
460,478,113
465,477,888
463,477,287
463,471,364
464,480,908
464,476,112
463,475,888
464,475,290
462,475,362
465,464,899
463,461,107
464,456,881
462,464,280
461,468,359
464,465,908
463,466,109
466,464,885
466,464,284
463,464,353
465,472,906
463,466,110
465,465,885
466,461,294
459,456,342
466,460,898
462,471,111
463,478,889
463,472,302
463,470,345
467,478,903
464,477,113
464,469,886
463,466,297
461,475,344
464,492,915
464,484,115
463,484,891
461,478,310
463,476,339
465,476,908
463,475,112
463,477,889
464,485,314
464,483,337
463,483,903
464,468,110
463,474,887
464,477,313
463,481,334
461,481,904
460,470,111
461,464,885
462,459,311
464,455,323
469,464,908
465,468,111
464,475,888
462,473,316
462,469,323
464,466,907
465,467,110
465,463,884
460,467,318
464,472,320
465,461,900
462,457,107
461,466,885
462,472,319
467,467,319
467,465,902
465,456,106
462,457,882
464,462,319
463,465,313
459,463,905
462,456,107
464,466,884
464,463,324
462,460,308
466,464,901
463,471,112
464,476,888
459,475,328
466,474,305
467,479,904
461,476,116
466,475,888
466,473,326
464,470,297
467,466,910
464,456,107
464,457,882
461,460,329
463,468,292
465,475,907
467,479,117
464,475,888
465,467,336
460,468,291
464,469,901
464,468,113
464,465,884
464,473,336
462,469,288
463,472,902
462,464,111
464,464,884
462,473,338
462,472,285
465,477,908
461,462,110
464,463,883
463,472,338
467,470,281
464,471,902
463,464,112
464,468,885
466,472,341
464,474,278
460,471,121
460,467,885
465,463,334
465,467,276
464,469,907
461,458,110
465,460,883
462,462,341
465,463,269
463,459,903
464,447,107
465,447,877
465,454,338
464,462,270
463,467,902
465,463,111
464,463,883
466,461,335
463,451,264
463,458,897
464,458,109
462,472,887
465,471,342
464,466,267
462,462,904
462,469,114
468,469,885
466,467,344
464,475,267
465,475,909
464,475,116
461,473,887
463,482,357
462,474,267
462,465,901
464,463,112
463,471,885
464,470,347
463,469,259
465,468,901
466,478,117
463,476,887
466,470,352
462,464,254
464,466,905
465,466,113
464,470,886
464,470,357
467,470,253
465,465,900
463,468,113
463,470,886
463,475,363
466,477,251
465,476,901
464,476,117
463,472,886
464,460,355
464,458,240
463,457,904
463,459,111
463,459,882
462,461,362
464,460,239
464,464,901
463,469,113
464,473,886
464,464,369
465,463,239
466,463,898
462,468,114
464,471,885
465,467,369
462,464,239
462,461,896
464,459,110
464,455,880
463,447,362
464,456,115
462,463,904
462,462,112
467,459,881
460,458,374
463,454,227
465,456,895
463,464,112
464,472,886
465,469,380
466,471,230
464,467,896
463,454,108
463,455,880
463,459,373
463,461,227
467,460,900
464,461,110
465,455,880
461,451,381
460,450,220
464,459,901
464,457,111
468,452,879
463,457,388
462,467,225
464,473,900
462,467,113
464,468,884
462,474,393
465,477,226
465,480,900
464,470,114
464,476,886
464,475,401
462,469,218
464,464,900
463,467,115
465,460,880
464,455,398
462,457,214
465,467,898
465,468,114
464,464,883
464,469,410
463,466,212
463,466,899
464,457,112
463,458,880
465,461,400
461,465,213
467,468,899
464,475,118
463,468,883
462,468,419
466,468,206
464,469,901
463,473,115
464,469,883
464,468,429
463,467,202
463,471,898
461,472,117
460,476,886
461,471,432
460,471,204
460,471,899
466,471,115
465,480,887
464,470,426
466,463,199
465,462,902
464,458,110
462,460,881
462,453,428
464,448,190
466,447,891
463,440,107
463,453,878
463,453,429
462,454,193
463,457,895
460,451,110
462,458,880
465,460,428
462,457,192
464,463,895
462,462,114
462,457,880
462,456,425
463,461,194
463,468,902
461,468,117
466,466,882
465,471,439
463,470,190
463,469,899
463,473,119
463,470,883
465,472,442
465,471,191
461,468,897
462,465,115
465,466,882
462,460,440
460,458,185
463,461,901
462,462,115
466,469,884
463,472,447
460,475,188
465,480,902
465,481,120
462,480,886
463,483,450
464,482,187
461,474,900
464,481,122
465,494,891
466,488,455
463,482,187
462,480,900
463,476,120
464,469,883
465,468,449
465,478,184
465,484,906
464,482,123
463,481,887
460,473,456
463,473,176
464,474,901
464,471,119
467,474,884
467,462,454
462,458,172
464,467,897
462,468,117
467,462,880
466,469,456
464,465,172
462,470,902
463,467,117
462,467,882
465,473,466
463,472,170
463,478,901
462,478,121
466,475,885
464,468,469
467,467,162
465,463,895
466,459,115
459,461,882
462,466,469
465,471,164
464,471,897
465,469,118
466,467,881
463,462,483
465,466,156
466,477,904
464,468,117
462,469,882
465,471,493
461,467,155
464,465,898
464,466,117
463,464,880
465,469,493
465,472,152
466,469,895
466,465,117
460,470,882
463,471,482
463,477,154
466,482,900
465,477,121
465,469,882
465,470,485
462,470,150
464,467,899
466,466,117
462,468,881
463,459,482
462,455,135
464,462,894
465,464,117
466,471,881
464,479,494
464,481,140
466,478,898
463,477,121
463,478,882
469,476,492
465,473,136
463,477,901
463,469,119
464,466,881
464,467,494
464,465,135
464,469,899
463,465,116
465,473,881
464,463,494
463,461,126
463,460,894
465,462,116
465,463,880
465,474,500
463,472,129
465,467,894
463,465,117
463,470,881
463,465,496
465,469,127
466,478,903
465,479,122
461,470,883
466,467,502
464,476,127
465,481,902
464,477,122
464,487,885
462,480,509
466,480,122
466,482,899
467,480,122
465,474,882
465,471,507
465,469,114
466,473,896
463,475,120
464,475,884
465,478,504
466,481,124
467,478,902
467,473,121
465,471,882
467,476,506
463,477,118
465,491,904
463,489,126
466,478,883
466,481,504
460,483,119
466,489,901
463,483,124
464,479,883
464,475,500
461,479,115
465,479,901
465,474,121
464,477,885
463,473,518
463,480,115
465,480,900
467,478,122
466,479,882
465,476,522
466,471,104
466,475,897
465,486,125
464,484,886
466,481,522
461,480,110
466,485,904
465,479,123
462,475,884
464,476,525
464,470,105
464,467,897
464,462,117
463,469,880
466,471,524
463,467,100
462,470,896
465,477,122
462,476,880
462,478,529
462,475,104
466,476,897
466,479,123
464,480,879
464,479,533
462,467,105
460,454,893
466,455,115
465,459,875
463,467,534
463,472,106
461,470,896
465,465,119
467,475,877
464,474,529
463,467,99
465,470,893
464,469,120
462,474,879
465,481,535
462,482,110
464,480,896
463,486,126
465,483,873
465,482,533
463,484,111
465,478,901
466,481,124
462,479,879
461,479,539
461,472,108
465,472,898
462,468,120
464,467,870
464,469,536
463,471,105
464,473,885
465,476,122
465,476,873
463,473,547
462,471,108
464,466,893
466,468,120
464,472,873
461,471,549
461,470,108
464,471,897
465,475,121
466,479,872
464,477,554
467,473,102
465,468,893
464,461,117
463,464,868
463,465,555
465,467,105
465,474,895
462,467,120
464,471,863
465,476,559
462,479,110
465,483,903
463,474,122
462,467,868
461,464,554
462,468,109
462,468,893
464,478,124
466,473,867
465,471,559
465,472,105
464,479,897
462,474,123
463,470,867
464,467,559
463,465,106
466,474,896
462,476,123
467,474,861
466,467,561
463,461,106
465,459,894
465,459,116
462,458,853
460,460,564
462,458,101
467,450,887
465,448,113
463,454,856
464,454,562
463,468,106
464,470,897
464,468,119
465,459,851
464,462,564
463,461,106
462,462,893
464,469,119
464,458,847
461,456,568
468,457,105
466,456,891
463,458,117
465,474,852
466,476,576
468,471,105
464,468,896
461,473,122
463,473,846
462,470,573
464,464,104
462,462,894
463,453,114
466,453,839
466,448,574
465,449,100
468,451,890
464,448,113
463,445,836
467,454,573
465,452,96
464,457,893
465,464,119
463,448,832
462,453,577
462,457,101
463,458,892
462,463,118
464,466,834
464,455,576
463,457,104
465,457,892
463,457,116
462,449,826
464,450,580
464,453,103
465,465,893
464,467,120
464,461,822
462,458,584
463,461,99
464,456,890
464,456,116
462,448,822
463,449,584
464,450,99
464,449,887
462,454,115
462,455,819
461,452,587
463,448,100
464,443,886
458,444,112
462,439,813
464,450,589
463,454,103
465,451,888
464,454,115
466,462,818
462,458,593
461,449,97
464,447,885
461,446,112
463,448,805
463,450,590
462,454,100
462,458,891
466,462,117
463,460,810
463,462,599
465,463,104
464,462,892
462,459,117
466,462,812
464,471,603
465,472,102
466,471,894
467,463,119
466,469,806
463,466,605
462,465,104
462,468,895
461,460,118
464,462,798
462,461,602
464,469,110
465,471,896
465,475,123
463,478,797
463,475,616
464,466,107
461,471,895
462,473,123
464,479,801
464,480,615
464,472,102
464,469,896
463,463,118
464,466,793
465,467,618
463,467,105
462,472,897
464,465,119
466,465,789
462,467,619
461,477,110
463,480,900
462,480,125
463,478,793
465,474,624
464,477,111
465,480,900
465,474,122
464,472,774
464,478,626
466,473,105
465,468,896
464,472,121
464,471,770
464,481,632
466,471,108
465,468,896
465,474,123
465,472,775
463,470,626
466,478,110
465,477,899
463,472,122
463,475,773
464,485,635
464,473,103
465,462,894
463,461,118
462,466,762
465,467,633
466,468,106
467,474,899
466,480,125
466,480,761
466,479,637
465,472,111
464,465,896
465,460,118
466,463,759
462,460,633
462,456,103
465,459,895
464,460,117
466,463,754
463,464,636
461,464,101
461,456,894
463,468,121
464,466,753
463,470,641
463,455,103
463,465,897
466,464,119
467,463,745
463,462,640
463,461,102
463,473,899
465,469,121
464,478,754
463,482,648
466,488,111
465,481,901
462,470,120
465,467,740
465,455,642
460,449,98
463,459,895
468,472,122
463,482,744
464,484,653
462,478,109
464,473,898
464,466,119
463,472,737
462,481,652
463,475,108
463,464,896
464,467,120
463,465,737
464,470,651
465,466,100
464,472,899
464,468,120
465,470,732
466,476,654
463,469,103
463,466,897
459,469,121
464,463,726
465,464,654
464,467,106
464,470,898
468,472,122
463,471,731
462,466,659
461,469,107
465,479,900
463,475,122
463,473,726
461,470,662
464,466,99
463,469,897
461,472,122
462,476,721
461,478,669
463,483,112
464,484,901
466,473,122
463,472,717
464,471,671
462,466,104
462,474,899
466,463,119
462,464,722
465,465,670
464,464,97
463,466,896
462,470,122
462,469,708
463,470,673
466,462,98
468,464,896
464,467,120
463,462,710
463,455,675
464,454,102
465,462,895
463,460,117
461,458,707
462,458,673
462,457,96
464,460,895
465,463,118
466,466,714
463,473,681
461,470,98
465,468,897
464,468,121
463,471,706
464,472,686
464,465,101
464,466,896
463,476,122
465,477,704
464,476,690
464,468,105
464,472,850
462,475,123
463,474,710
463,466,684
461,462,102
465,461,896
464,458,116
465,452,700
464,452,684
464,456,95
467,460,895
465,465,120
463,461,699
464,461,688
465,461,101
464,467,897
465,468,121
463,474,702
464,467,693
465,463,102
464,463,895
463,473,121
462,476,708
464,472,697
465,467,97
466,465,896
466,458,117
463,460,692
462,464,692
464,457,97
468,462,896
465,463,118
464,459,695
462,460,692
465,460,104
462,456,893
464,453,115
462,452,693
467,458,694
466,453,91
466,457,892
465,466,120
463,460,695
465,463,698
464,464,95
466,467,896
464,470,121
463,471,695
470,475,708
469,479,104
464,482,900
464,470,122
465,465,690
463,461,708
464,458,100
463,461,893
464,462,118
465,461,693
464,461,707
466,463,99
463,466,895
462,462,118
464,473,694
464,468,714
462,462,99
465,467,893
468,468,120
465,461,683
466,460,717
463,463,106
466,464,894
460,469,121
464,477,691
464,475,723
466,475,109
465,473,896
464,458,117
464,462,687
463,458,718
464,459,93
465,460,892
464,453,115
464,454,680
461,461,723
462,465,101
464,465,894
465,458,116
465,462,683
464,460,723
463,452,100
464,450,889
467,445,112
465,445,675
464,446,723
464,450,90
464,448,888
461,449,114
466,453,682
466,459,729
464,466,99
464,472,896
461,472,122
464,470,685
468,465,726
462,470,106
463,479,898
467,482,126
464,484,690
467,478,731
464,481,109
464,472,895
465,473,122
464,476,693
463,475,731
463,475,99
462,475,896
466,480,125
468,486,691
464,485,737
461,479,109
465,478,896
463,470,121
465,470,683
467,474,731
459,470,107
463,480,897
462,472,122
464,474,687
465,471,737
466,474,109
464,475,896
464,477,125
462,477,687
461,471,738
467,466,99
469,471,895
464,464,119
466,465,678
463,470,739
466,473,105
465,479,896
465,482,126
464,477,680
466,477,741
462,475,109
463,478,896
463,474,123
462,487,689
465,480,746
464,480,103
465,480,897
465,482,126
468,479,679
466,482,752
464,477,105
466,478,897
465,473,123
465,478,676
466,486,755
464,486,113
461,485,898
464,485,127
467,484,677
465,489,759
465,485,105
463,487,899
465,488,128
466,482,673
467,486,760
467,486,105
468,495,902
469,494,130
467,491,677
467,486,761
465,493,116
464,488,900
468,479,125
465,476,667
468,481,759
465,482,112
464,478,897
465,475,123
462,484,675
467,485,762
464,491,108
465,490,900
466,485,127
464,494,676
465,492,769
466,490,110
466,495,901
463,494,130
464,495,673
464,491,770
464,485,115
466,487,899
465,480,125
465,468,664
467,472,761
466,471,111
464,479,897
467,484,127
466,476,668
465,479,767
463,479,104
466,480,896
464,477,124
464,482,664
465,481,768
465,476,107
464,486,899
463,492,130
465,485,664
466,481,768
464,480,114
465,477,897
463,468,121
464,462,659
467,465,766
466,465,99
465,459,891
465,460,118
463,459,654
466,457,767
465,459,99
464,468,894
466,469,121
465,467,654
467,466,771
465,466,108
466,473,893
464,463,119
465,451,646
469,452,766
464,456,104
462,457,891
465,461,118
461,462,653
464,461,769
463,459,98
464,462,891
465,469,122
464,453,643
463,453,768
464,450,100
461,459,891
466,460,119
465,466,647
464,459,773
464,456,103
467,457,890
463,464,119
463,457,645
464,457,772
461,467,109
466,472,895
461,464,121
464,458,645
465,462,774
460,454,101
465,454,890
466,462,120
464,466,641
461,470,779
464,472,106
463,476,896
462,473,123
462,471,647
463,467,779
461,464,106
463,467,893
464,472,124
464,467,644
465,471,782
465,461,100
463,466,893
465,466,121
462,458,638
461,453,776
465,450,98
465,450,888
467,451,115
463,452,632
466,458,781
463,456,104
463,456,890
462,468,122
465,460,631
465,454,778
463,454,104
466,449,888
465,456,117
465,460,635
465,457,780
463,456,96
462,456,891
462,464,120
461,466,635
463,461,782
463,450,100
463,467,894
464,466,121
463,462,631
466,466,787
465,463,105
462,458,890
462,457,118
461,461,633
465,459,788
463,462,104
463,465,893
464,461,119
461,459,627
462,462,790
465,463,101
465,461,892
467,461,120
463,469,114
463,476,797
459,479,113
463,478,897
460,473,124
